        r(a.u)         P(1s)         Q(1s)         P(2s)         Q(2s)        P(2p-)        Q(2p-)         P(2p)         Q(2p)         P(3s)         Q(3s)        P(3p-)        Q(3p-)         P(3p)         Q(3p)
  0.000000E+00  0.000000E+00  0.000000E+00  0.000000E+00  0.000000E+00  0.000000E+00  0.000000E+00  0.000000E+00  0.000000E+00  0.000000E+00  0.000000E+00  0.000000E+00  0.000000E+00  0.000000E+00  0.000000E+00
  5.696788E-09  8.847272E-07 -6.396590E-12  2.546409E-07 -1.841593E-12  9.690909E-14  1.209424E-08  6.060510E-15 -4.383062E-20  8.695578E-08 -6.288927E-13  3.047682E-14  3.803420E-09  1.905593E-15 -1.378189E-20
  1.168566E-08  1.814815E-06 -2.691500E-11  5.223375E-07 -7.748889E-12  4.077654E-13  2.480856E-08  2.550089E-14 -3.783088E-19  1.783699E-07 -2.646199E-12  1.282376E-13  7.801845E-09  8.018188E-15 -1.189537E-19
  1.798158E-08  2.792590E-06 -6.373000E-11  8.037592E-07 -1.834801E-11  9.655168E-13  3.817476E-08  6.038162E-14 -1.378386E-18  2.744709E-07 -6.265733E-12  3.036442E-13  1.200527E-08  1.898566E-14 -4.334131E-19
  2.460031E-08  3.820497E-06 -1.192804E-10  1.099610E-06 -3.434109E-11  1.807112E-12  5.222626E-08  1.130134E-13 -3.529462E-18  3.754991E-07 -1.172727E-11  5.683164E-13  1.642422E-08  3.553456E-14 -1.109788E-18
  3.155838E-08  4.901105E-06 -1.962987E-10  1.410629E-06 -5.651484E-11  2.973948E-12  6.699820E-08  1.859852E-13 -7.451283E-18  4.817071E-07 -1.929947E-11  9.352733E-13  2.106972E-08  5.847891E-14 -2.342946E-18
  3.887320E-08  6.037117E-06 -1.648207E-10  1.737594E-06 -4.745224E-11  2.497052E-12  8.252751E-08  2.821952E-13 -7.326188E-19  5.933605E-07 -1.620465E-11  7.852949E-13  2.595341E-08  8.873001E-14 -2.303612E-19
  4.656306E-08  7.231374E-06 -3.525289E-10  2.081323E-06 -1.014939E-10  5.340853E-12  9.885303E-08  4.048853E-13 -1.540106E-17  7.107385E-07 -3.465953E-11  1.679638E-12  3.108749E-08  1.273072E-13 -4.842639E-18
  5.464719E-08  8.486862E-06 -3.777258E-10  2.442676E-06 -1.087481E-10  5.722590E-12  1.160156E-07  5.576794E-13 -1.150943E-17  8.341347E-07 -3.713682E-11  1.799690E-12  3.648480E-08  1.753499E-13 -3.618971E-18
  6.314580E-08  9.806720E-06 -5.518367E-10  2.822555E-06 -1.588750E-10  8.360390E-12  1.340581E-07  7.446255E-13 -2.734925E-17  9.638574E-07 -5.425485E-11  2.629249E-12  4.215884E-08  2.341310E-13 -8.599570E-18
  7.208014E-08  1.119425E-05 -6.902386E-10  3.221912E-06 -1.987212E-10  1.045719E-11  1.530256E-07  9.702423E-13 -3.323845E-17  1.100231E-06 -6.786209E-11  3.288670E-12  4.812379E-08  3.050712E-13 -1.045134E-17
  8.147256E-08  1.265292E-05 -8.841554E-10  3.641744E-06 -2.545503E-10  1.339506E-11  1.729656E-07  1.239572E-12 -5.340291E-17  1.243597E-06 -8.692738E-11  4.212595E-12  5.439456E-08  3.897558E-13 -1.679176E-17
  9.134653E-08  1.418637E-05 -1.104763E-09  4.083101E-06 -3.180638E-10  1.673729E-11  1.939280E-07  1.558236E-12 -7.080527E-17  1.394313E-06 -1.086169E-10  5.263691E-12  6.098685E-08  4.899526E-13 -2.226368E-17
  1.017268E-07  1.579845E-05 -1.370184E-09  4.547087E-06 -3.944791E-10  2.075845E-11  2.159651E-07  1.932499E-12 -1.011813E-16  1.552757E-06 -1.347122E-10  6.528299E-12  6.791714E-08  6.076316E-13 -3.181499E-17
  1.126392E-07  1.749318E-05 -1.672920E-09  5.034862E-06 -4.816375E-10  2.534494E-11  2.391321E-07  2.369343E-12 -1.346560E-16  1.719324E-06 -1.644763E-10  7.970699E-12  7.520274E-08  7.449874E-13 -4.234059E-17
  1.241111E-07  1.927480E-05 -2.032554E-09  5.547645E-06 -5.851770E-10  3.079344E-11  2.634870E-07  2.876539E-12 -1.820338E-16  1.894432E-06 -1.998344E-10  9.684191E-12  8.286189E-08  9.044639E-13 -5.723785E-17
  1.361712E-07  2.114777E-05 -2.442089E-09  6.086720E-06 -7.030828E-10  3.699793E-11  2.890905E-07  3.462738E-12 -2.390287E-16  2.078517E-06 -2.400985E-10  1.163543E-11  9.091373E-08  1.088781E-12 -7.515906E-17
  1.488497E-07  2.311677E-05 -2.917450E-09  6.653434E-06 -8.399405E-10  4.419972E-11  3.160067E-07  4.137563E-12 -3.131073E-16  2.272041E-06 -2.868346E-10  1.390032E-11  9.937839E-08  1.300965E-12 -9.845198E-17
  1.621781E-07  2.518672E-05 -3.461446E-09  7.249203E-06 -9.965580E-10  5.244131E-11  3.443029E-07  4.911719E-12 -4.043254E-16  2.475487E-06 -3.403185E-10  1.649221E-11  1.082770E-07  1.544381E-12 -1.271342E-16
  1.761900E-07  2.736279E-05 -4.083913E-09  7.875519E-06 -1.175768E-09  6.187177E-11  3.740499E-07  5.797107E-12 -5.188491E-16  2.689363E-06 -4.015175E-10  1.945798E-11  1.176320E-07  1.822772E-12 -1.631445E-16
  1.909202E-07  2.965044E-05 -4.794198E-09  8.533946E-06 -1.380260E-09  7.263267E-11  4.053221E-07  6.806953E-12 -6.598597E-16  2.914206E-06 -4.713505E-10  2.284216E-11  1.274665E-07  2.140295E-12 -2.074832E-16
  2.064057E-07  3.205538E-05 -5.602329E-09  9.226132E-06 -1.612923E-09  8.487595E-11  4.381977E-07  7.955954E-12 -8.339880E-16  3.150576E-06 -5.508034E-10  2.669253E-11  1.378053E-07  2.501573E-12 -2.622353E-16
  2.226851E-07  3.458362E-05 -6.519815E-09  9.953806E-06 -1.877069E-09  9.877598E-11  4.727588E-07  9.260434E-12 -1.047147E-15  3.399065E-06 -6.410078E-10  3.106394E-11  1.486741E-07  2.911738E-12 -3.292600E-16
  2.397992E-07  3.724149E-05 -7.559660E-09  1.071879E-05 -2.176443E-09  1.145298E-10  5.090919E-07  1.073852E-11 -1.307690E-15  3.660295E-06 -7.432421E-10  3.601833E-11  1.601002E-07  3.376489E-12 -4.111840E-16
  2.577908E-07  4.003563E-05 -8.735685E-09  1.152299E-05 -2.515023E-09  1.323467E-10  5.472878E-07  1.241034E-11 -1.624598E-15  3.934918E-06 -8.588652E-10  4.162155E-11  1.721121E-07  3.902156E-12 -5.108309E-16
  2.767048E-07  4.297302E-05 -1.006386E-08  1.236843E-05 -2.897407E-09  1.524686E-10  5.874421E-07  1.429823E-11 -2.009095E-15  4.223621E-06 -9.894468E-10  4.794968E-11  1.847399E-07  4.495761E-12 -6.317305E-16
  2.965885E-07  4.606102E-05 -1.156150E-08  1.325722E-05 -3.328581E-09  1.751581E-10  6.296551E-07  1.642698E-11 -2.474049E-15  4.527126E-06 -1.136690E-09  5.508526E-11  1.980152E-07  5.165098E-12 -7.779282E-16
  3.174917E-07  4.930735E-05 -1.324797E-08  1.419157E-05 -3.814119E-09  2.007083E-10  6.740325E-07  1.882408E-11 -3.034896E-15  4.846193E-06 -1.302498E-09  6.312051E-11  2.119710E-07  5.918814E-12 -9.542785E-16
  3.394667E-07  5.272012E-05 -1.514476E-08  1.517383E-05 -4.360209E-09  2.294449E-10  7.206851E-07  2.152005E-11 -3.709677E-15  5.181618E-06 -1.488985E-09  7.215785E-11  2.266424E-07  6.766501E-12 -1.166453E-15
  3.625683E-07  5.630786E-05 -1.727563E-08  1.620645E-05 -4.973694E-09  2.617280E-10  7.697296E-07  2.454870E-11 -4.519746E-15  5.534241E-06 -1.698486E-09  8.231053E-11  2.420661E-07  7.718795E-12 -1.421168E-15
  3.868543E-07  6.007955E-05 -1.966701E-08  1.729201E-05 -5.662175E-09  2.979576E-10  8.212887E-07  2.794756E-11 -5.490174E-15  5.904943E-06 -1.933598E-09  9.370434E-11  2.582805E-07  8.787490E-12 -1.726305E-15
  4.123856E-07  6.404462E-05 -2.234813E-08  1.843323E-05 -6.434078E-09  3.385771E-10  8.754913E-07  3.175820E-11 -6.650490E-15  6.294652E-06 -2.197198E-09  1.064787E-10  2.753262E-07  9.985661E-12 -2.091149E-15
  4.392258E-07  6.821299E-05 -2.535143E-08  1.963296E-05 -7.298734E-09  3.840775E-10  9.324729E-07  3.602671E-11 -8.035375E-15  6.704341E-06 -2.492473E-09  1.207881E-10  2.932459E-07  1.132780E-11 -2.526606E-15
  4.674422E-07  7.259507E-05 -2.871285E-08  2.089420E-05 -8.266494E-09  4.350035E-10  9.923760E-07  4.080419E-11 -9.685582E-15  7.135036E-06 -2.822958E-09  1.368037E-10  3.120843E-07  1.282997E-11 -3.045489E-15
  4.971053E-07  7.720182E-05 -3.247222E-08  2.222011E-05 -9.348824E-09  4.919584E-10  1.055350E-06  4.614723E-11 -1.164894E-14  7.587812E-06 -3.192566E-09  1.547154E-10  3.318886E-07  1.450997E-11 -3.662837E-15
  5.282892E-07  8.204477E-05 -3.667365E-08  2.361400E-05 -1.055843E-08  5.556107E-10  1.121554E-06  5.211855E-11 -1.398156E-14  8.063803E-06 -3.605638E-09  1.747333E-10  3.527083E-07  1.638752E-11 -4.396296E-15
  5.610719E-07  8.713601E-05 -4.136603E-08  2.507936E-05 -1.190937E-08  6.267011E-10  1.191151E-06  5.878763E-11 -1.674925E-14  8.564199E-06 -4.066979E-09  1.970905E-10  3.745955E-07  1.848447E-11 -5.266555E-15
  5.955355E-07  9.248830E-05 -4.660351E-08  2.661984E-05 -1.341726E-08  7.060497E-10  1.264317E-06  6.623144E-11 -2.002911E-14  9.090250E-06 -4.581912E-09  2.220447E-10  3.976048E-07  2.082501E-11 -6.297861E-15
  6.317660E-07  9.811499E-05 -5.244606E-08  2.823931E-05 -1.509934E-08  7.945653E-10  1.341234E-06  7.453520E-11 -2.391149E-14  9.643272E-06 -5.156332E-09  2.498819E-10  4.217938E-07  2.343594E-11 -7.518616E-15
  6.698542E-07  1.040302E-04 -5.896008E-08  2.994181E-05 -1.697474E-08  8.932538E-10  1.422095E-06  8.379332E-11 -2.850214E-14  1.022465E-05 -5.796771E-09  2.809183E-10  4.472231E-07  2.634695E-11 -8.962079E-15
  7.098951E-07  1.102486E-04 -6.621912E-08  3.173160E-05 -1.906463E-08  1.003229E-09  1.507101E-06  9.411031E-11 -3.392486E-14  1.083583E-05 -6.510456E-09  3.155044E-10  4.739561E-07  2.959090E-11 -1.066717E-14
  7.519890E-07  1.167859E-04 -7.430458E-08  3.361315E-05 -2.139245E-08  1.125726E-09  1.596466E-06  1.056019E-10 -4.032446E-14  1.147835E-05 -7.305393E-09  3.540281E-10  5.020597E-07  3.320418E-11 -1.267944E-14
  7.962411E-07  1.236584E-04 -8.330660E-08  3.559117E-05 -2.398416E-08  1.262108E-09  1.690413E-06  1.183963E-10 -4.787033E-14  1.215381E-05 -8.190444E-09  3.969188E-10  5.316042E-07  3.722707E-11 -1.505212E-14
  8.427620E-07  1.308832E-04 -9.332498E-08  3.767061E-05 -2.686847E-08  1.413888E-09  1.789176E-06  1.326352E-10 -5.676045E-14  1.286391E-05 -9.175419E-09  4.446521E-10  5.626635E-07  4.170418E-11 -1.784749E-14
  8.916682E-07  1.384784E-04 -1.044701E-07  3.985666E-05 -3.007719E-08  1.582740E-09  1.893003E-06  1.484757E-10 -6.722625E-14  1.361041E-05 -1.027118E-08  4.977540E-10  5.953153E-07  4.668487E-11 -2.113831E-14
  9.430818E-07  1.464631E-04 -1.168643E-07  4.215479E-05 -3.364550E-08  1.770515E-09  2.002153E-06  1.660915E-10 -7.953808E-14  1.439518E-05 -1.148974E-08  5.568070E-10  6.296411E-07  5.222378E-11 -2.500958E-14
  9.971314E-07  1.548571E-04 -1.306428E-07  4.457075E-05 -3.761237E-08  1.979262E-09  2.116900E-06  1.856750E-10 -9.401172E-14  1.522019E-05 -1.284440E-08  6.224558E-10  6.657268E-07  5.838138E-11 -2.956060E-14
  1.053952E-06  1.636815E-04 -1.459554E-07  4.711057E-05 -4.202088E-08  2.211251E-09  2.237530E-06  2.074390E-10 -1.110159E-13  1.608750E-05 -1.434988E-08  6.954137E-10  7.036626E-07  6.522460E-11 -3.490731E-14
  1.113686E-06  1.729583E-04 -1.629676E-07  4.978061E-05 -4.691874E-08  2.468991E-09  2.364344E-06  2.316191E-10 -1.309810E-13  1.699928E-05 -1.602246E-08  7.764699E-10  7.435435E-07  7.282748E-11 -4.118504E-14
  1.176483E-06  1.827108E-04 -1.818628E-07  5.258755E-05 -5.235872E-08  2.755259E-09  2.497660E-06  2.584758E-10 -1.544093E-13  1.795781E-05 -1.788018E-08  8.664979E-10  7.854691E-07  8.127197E-11 -4.855173E-14
  1.242499E-06  1.929633E-04 -2.028438E-07  5.553840E-05 -5.839920E-08  3.073127E-09  2.637812E-06  2.882975E-10 -1.818870E-13  1.896547E-05 -1.994297E-08  9.664640E-10  8.295442E-07  9.064874E-11 -5.719168E-14
  1.311900E-06  2.037414E-04 -2.261350E-07  5.864055E-05 -6.510478E-08  3.425996E-09  2.785149E-06  3.214032E-10 -2.140977E-13  2.002481E-05 -2.223289E-08  1.077437E-09  8.758790E-07  1.010581E-10 -6.731986E-14
  1.384860E-06  2.150721E-04 -2.519846E-07  6.190174E-05 -7.254692E-08  3.817625E-09  2.940040E-06  3.581459E-10 -2.518387E-13  2.113845E-05 -2.477433E-08  1.200600E-09  9.245895E-07  1.126110E-10 -7.918699E-14
  1.461560E-06  2.269838E-04 -2.806671E-07  6.533013E-05 -8.080468E-08  4.252176E-09  3.102873E-06  3.989161E-10 -2.960399E-13  2.230919E-05 -2.759431E-08  1.337261E-09  9.757974E-07  1.254303E-10 -9.308541E-14
  1.542192E-06  2.395061E-04 -3.124862E-07  6.893430E-05 -8.996549E-08  4.734248E-09  3.274054E-06  4.441456E-10 -3.477852E-13  2.353996E-05 -3.072267E-08  1.488868E-09  1.029631E-06  1.396517E-10 -1.093559E-13
  1.626959E-06  2.526705E-04 -3.477780E-07  7.272325E-05 -1.001261E-07  5.268933E-09  3.454011E-06  4.943123E-10 -4.083378E-13  2.483382E-05 -3.419244E-08  1.657020E-09  1.086224E-06  1.554255E-10 -1.283958E-13
  1.716072E-06  2.665098E-04 -3.869139E-07  7.670647E-05 -1.113934E-07  5.861860E-09  3.643195E-06  5.499447E-10 -4.791702E-13  2.619403E-05 -3.804016E-08  1.843489E-09  1.145719E-06  1.729179E-10 -1.506680E-13
  1.809754E-06  2.810587E-04 -4.303049E-07  8.089390E-05 -1.238857E-07  6.519255E-09  3.842078E-06  6.116273E-10 -5.619979E-13  2.762397E-05 -4.230623E-08  2.050232E-09  1.208264E-06  1.923126E-10 -1.767120E-13
  1.908238E-06  2.963535E-04 -4.784053E-07  8.529602E-05 -1.377340E-07  7.248003E-09  4.051158E-06  6.800066E-10 -6.588197E-13  2.912722E-05 -4.703532E-08  2.279416E-09  1.274016E-06  2.138130E-10 -2.071562E-13
  2.011773E-06  3.124324E-04 -5.317179E-07  8.992384E-05 -1.530828E-07  8.055719E-09  4.270958E-06  7.557976E-10 -7.719636E-13  3.070755E-05 -5.227684E-08  2.533433E-09  1.343139E-06  2.376438E-10 -2.427326E-13
  2.120615E-06  3.293357E-04 -5.907982E-07  9.478892E-05 -1.700921E-07  8.950822E-09  4.502026E-06  8.397912E-10 -9.041413E-13  3.236890E-05 -5.808543E-08  2.814933E-09  1.415806E-06  2.640537E-10 -2.842939E-13
  2.235038E-06  3.471057E-04 -6.562607E-07  9.990343E-05 -1.889389E-07  9.942625E-09  4.744941E-06  9.328619E-10 -1.058510E-12  3.411542E-05 -6.452150E-08  3.126844E-09  1.492198E-06  2.933177E-10 -3.328330E-13
  2.355328E-06  3.657866E-04 -7.287849E-07  1.052802E-04 -2.098188E-07  1.104142E-08  5.000310E-06  1.035977E-09 -1.238747E-12  3.595149E-05 -7.165185E-08  3.472403E-09  1.572507E-06  3.257399E-10 -3.895059E-13
  2.481785E-06  3.854253E-04 -8.091220E-07  1.109325E-04 -2.329481E-07  1.225859E-08  5.268772E-06  1.150205E-09 -1.449133E-12  3.788169E-05 -7.955034E-08  3.855190E-09  1.656934E-06  3.616565E-10 -4.556586E-13
  2.614726E-06  4.060709E-04 -8.981024E-07  1.168747E-04 -2.585657E-07  1.360673E-08  5.550997E-06  1.276730E-09 -1.694650E-12  3.991084E-05 -8.829862E-08  4.279163E-09  1.745688E-06  4.014394E-10 -5.328577E-13
  2.754482E-06  4.277750E-04 -9.966444E-07  1.231216E-04 -2.869362E-07  1.509973E-08  5.847692E-06  1.416859E-09 -1.981097E-12  4.204404E-05 -9.798697E-08  4.748697E-09  1.838994E-06  4.454998E-10 -6.229269E-13
  2.901404E-06  4.505917E-04 -1.105763E-06  1.296886E-04 -3.183517E-07  1.675300E-08  6.159598E-06  1.572037E-09 -2.315225E-12  4.428659E-05 -1.087152E-07  5.268630E-09  1.937082E-06  4.942923E-10 -7.279885E-13
  3.055859E-06  4.745783E-04 -1.226580E-06  1.365924E-04 -3.531352E-07  1.858352E-08  6.487494E-06  1.743865E-09 -2.704888E-12  4.664412E-05 -1.205935E-07  5.844309E-09  2.040200E-06  5.483196E-10 -8.505123E-13
  3.218233E-06  4.997945E-04 -1.360336E-06  1.438501E-04 -3.916439E-07  2.061010E-08  6.832201E-06  1.934108E-09 -3.159224E-12  4.912251E-05 -1.337440E-07  6.481644E-09  2.148604E-06  6.081375E-10 -9.933718E-13
  3.388932E-06  5.263035E-04 -1.508402E-06  1.514799E-04 -4.342723E-07  2.285350E-08  7.194580E-06  2.144723E-09 -3.688868E-12  5.172796E-05 -1.483014E-07  7.187170E-09  2.262565E-06  6.743606E-10 -1.159910E-12
  3.568384E-06  5.541716E-04 -1.672292E-06  1.595008E-04 -4.814568E-07  2.533670E-08  7.575537E-06  2.377870E-09 -4.306187E-12  5.446698E-05 -1.644146E-07  7.968107E-09  2.382369E-06  7.476684E-10 -1.354017E-12
  3.757035E-06  5.834683E-04 -1.853682E-06  1.679330E-04 -5.336793E-07  2.808506E-08  7.976024E-06  2.635938E-09 -5.025569E-12  5.734642E-05 -1.822482E-07  8.832437E-09  2.508315E-06  8.288121E-10 -1.580216E-12
  3.955359E-06  6.142670E-04 -2.054422E-06  1.767974E-04 -5.914727E-07  3.112665E-08  8.397042E-06  2.921568E-09 -5.863749E-12  6.037348E-05 -2.019843E-07  9.788981E-09  2.640718E-06  9.186223E-10 -1.843770E-12
  4.163852E-06  6.466445E-04 -2.276556E-06  1.861163E-04 -6.554257E-07  3.449244E-08  8.839644E-06  3.237682E-09 -6.840187E-12  6.355572E-05 -2.238239E-07  1.084749E-08  2.779908E-06  1.018017E-09 -2.150797E-12
  4.383034E-06  6.806819E-04 -2.522344E-06  1.959129E-04 -7.261887E-07  3.821670E-08  9.304935E-06  3.587506E-09 -7.977515E-12  6.690110E-05 -2.479890E-07  1.201872E-08  2.926234E-06  1.128012E-09 -2.508413E-12
  4.613454E-06  7.164642E-04 -2.794283E-06  2.062116E-04 -8.044807E-07  4.233726E-08  9.794079E-06  3.974612E-09 -9.302045E-12  7.041797E-05 -2.747253E-07  1.331459E-08  3.080061E-06  1.249728E-09 -2.924892E-12
  4.855687E-06  7.540807E-04 -3.095132E-06  2.170384E-04 -8.910956E-07  4.689595E-08  1.030830E-05  4.402943E-09 -1.084437E-11  7.411513E-05 -3.043037E-07  1.474825E-08  3.241774E-06  1.384408E-09 -3.409853E-12
  5.110340E-06  7.936256E-04 -3.427935E-06  2.284201E-04 -9.869106E-07  5.193895E-08  1.084888E-05  4.876863E-09 -1.264005E-11  7.800181E-05 -3.370240E-07  1.633422E-08  3.411776E-06  1.533421E-09 -3.974479E-12
  5.378050E-06  8.351975E-04 -3.796061E-06  2.403853E-04 -1.092895E-06  5.751729E-08  1.141717E-05  5.401193E-09 -1.473043E-11  8.208773E-05 -3.732169E-07  1.808854E-08  3.590493E-06  1.698285E-09 -4.631768E-12
  5.659485E-06  8.789005E-04 -4.203225E-06  2.529638E-04 -1.210118E-06  6.368735E-08  1.201459E-05  5.981263E-09 -1.716355E-11  8.638309E-05 -4.132481E-07  2.002896E-08  3.778371E-06  1.880675E-09 -5.396826E-12
  5.955350E-06  9.248436E-04 -4.653534E-06  2.661871E-04 -1.339763E-06  7.051138E-08  1.264263E-05  6.622967E-09 -1.999524E-11  9.089863E-05 -4.575211E-07  2.217504E-08  3.975879E-06  2.082445E-09 -6.287211E-12
  6.266384E-06  9.731417E-04 -5.151520E-06  2.800882E-04 -1.483135E-06  7.805813E-08  1.330287E-05  7.332817E-09 -2.329039E-11  9.564562E-05 -5.064816E-07  2.454841E-08  4.183511E-06  2.305642E-09 -7.323322E-12
  6.593365E-06  1.023915E-03 -5.702190E-06  2.947018E-04 -1.641674E-06  8.640354E-08  1.399694E-05  8.118014E-09 -2.712438E-11  1.006359E-04 -5.606217E-07  2.717294E-08  4.401785E-06  2.552529E-09 -8.528862E-12
  6.937111E-06  1.077291E-03 -6.311068E-06  3.100644E-04 -1.816972E-06  9.563141E-08  1.472659E-05  8.986517E-09 -3.158476E-11  1.058820E-04 -6.204848E-07  3.007501E-08  4.631247E-06  2.825611E-09 -9.931365E-12
  7.298481E-06  1.133403E-03 -6.984254E-06  3.262143E-04 -2.010784E-06  1.058343E-07  1.549364E-05  9.947123E-09 -3.677327E-11  1.113970E-04 -6.866704E-07  3.328370E-08  4.872470E-06  3.127652E-09 -1.156281E-11
  7.678379E-06  1.192390E-03 -7.728480E-06  3.431920E-04 -2.225048E-06  1.171144E-07  1.630000E-05  1.100956E-08 -4.280802E-11  1.171946E-04 -7.598405E-07  3.683115E-08  5.126056E-06  3.461711E-09 -1.346035E-11
  8.077755E-06  1.254401E-03 -8.551172E-06  3.610398E-04 -2.461903E-06  1.295843E-07  1.714768E-05  1.218457E-08 -4.982619E-11  1.232893E-04 -8.407251E-07  4.075281E-08  5.392637E-06  3.831167E-09 -1.566711E-11
  8.497607E-06  1.319589E-03 -9.460524E-06  3.798022E-04 -2.723708E-06  1.433685E-07  1.803881E-05  1.348404E-08 -5.798704E-11  1.296964E-04 -9.301299E-07  4.508778E-08  5.672880E-06  4.239756E-09 -1.823317E-11
  8.938985E-06  1.388118E-03 -1.046557E-05  3.995261E-04 -3.013065E-06  1.586041E-07  1.897560E-05  1.492110E-08 -6.747543E-11  1.364317E-04 -1.028943E-06  4.987923E-08  5.967484E-06  4.691608E-09 -2.121666E-11
  9.402994E-06  1.460158E-03 -1.157628E-05  4.202606E-04 -3.332842E-06  1.754426E-07  1.996039E-05  1.651026E-08 -7.850594E-11  1.435123E-04 -1.138145E-06  5.517474E-08  6.277183E-06  5.191286E-09 -2.468504E-11
  9.890792E-06  1.535890E-03 -1.280364E-05  4.420575E-04 -3.686201E-06  1.940508E-07  2.099564E-05  1.826758E-08 -9.132752E-11  1.509556E-04 -1.258816E-06  6.102680E-08  6.602751E-06  5.743834E-09 -2.871660E-11
  1.040360E-05  1.615501E-03 -1.415975E-05  4.649712E-04 -4.076630E-06  2.146126E-07  2.208394E-05  2.021078E-08 -1.062290E-10  1.587802E-04 -1.392144E-06  6.749325E-08  6.944999E-06  6.354830E-09 -3.340215E-11
  1.094270E-05  1.699192E-03 -1.565795E-05  4.890588E-04 -4.507966E-06  2.373307E-07  2.322798E-05  2.235945E-08 -1.235453E-10  1.670057E-04 -1.539443E-06  7.463786E-08  7.304781E-06  7.030434E-09 -3.884702E-11
  1.150944E-05  1.787169E-03 -1.731293E-05  5.143803E-04 -4.984439E-06  2.624286E-07  2.443063E-05  2.473528E-08 -1.436649E-10  1.756526E-04 -1.702156E-06  8.253086E-08  7.682993E-06  7.777459E-09 -4.517333E-11
  1.210524E-05  1.879653E-03 -1.914085E-05  5.409988E-04 -5.510704E-06  2.901521E-07  2.569489E-05  2.736219E-08 -1.670380E-10  1.847424E-04 -1.881872E-06  9.124960E-08  8.080578E-06  8.603432E-09 -5.252267E-11
  1.273159E-05  1.976873E-03 -2.115951E-05  5.689806E-04 -6.091882E-06  3.207721E-07  2.702389E-05  3.026664E-08 -1.941864E-10  1.942977E-04 -2.080341E-06  1.008792E-07  8.498526E-06  9.516674E-09 -6.105906E-11
  1.339005E-05  2.079072E-03 -2.338847E-05  5.983954E-04 -6.733607E-06  3.545863E-07  2.842096E-05  3.347789E-08 -2.257143E-10  2.043424E-04 -2.299486E-06  1.115134E-07  8.937877E-06  1.052638E-08 -7.097255E-11
  1.408227E-05  2.186504E-03 -2.584924E-05  6.293164E-04 -7.442069E-06  3.919225E-07  2.988956E-05  3.702825E-08 -2.623215E-10  2.149014E-04 -2.541422E-06  1.232553E-07  9.399726E-06  1.164271E-08 -8.248318E-11
  1.480998E-05  2.299437E-03 -2.856543E-05  6.618205E-04 -8.224071E-06  4.331408E-07  3.143335E-05  4.095344E-08 -3.048182E-10  2.260011E-04 -2.808471E-06  1.362179E-07  9.885220E-06  1.287690E-08 -9.584562E-11
  1.557500E-05  2.418151E-03 -3.156298E-05  6.959885E-04 -9.087078E-06  4.786368E-07  3.305617E-05  4.529295E-08 -3.541412E-10  2.376689E-04 -3.103183E-06  1.505259E-07  1.039557E-05  1.424136E-08 -1.113545E-10
  1.637924E-05  2.542941E-03 -3.487033E-05  7.319053E-04 -1.003928E-05  5.288446E-07  3.476205E-05  5.009039E-08 -4.113741E-10  2.499339E-04 -3.428353E-06  1.663157E-07  1.093204E-05  1.574981E-08 -1.293506E-10
  1.722472E-05  2.674117E-03 -3.851866E-05  7.696602E-04 -1.108964E-05  5.842407E-07  3.655523E-05  5.539399E-08 -4.777691E-10  2.628266E-04 -3.787048E-06  1.837372E-07  1.149596E-05  1.741741E-08 -1.502275E-10
  1.811355E-05  2.812004E-03 -4.254207E-05  8.093467E-04 -1.224800E-05  6.453469E-07  3.844015E-05  6.125702E-08 -5.547720E-10  2.763789E-04 -4.182620E-06  2.029544E-07  1.208873E-05  1.926091E-08 -1.744400E-10
  1.904794E-05  2.956945E-03 -4.697790E-05  8.510633E-04 -1.352510E-05  7.127347E-07  4.042150E-05  6.773838E-08 -6.440517E-10  2.906245E-04 -4.618741E-06  2.241471E-07  1.271183E-05  2.129883E-08 -2.025127E-10
  2.003025E-05  3.109299E-03 -5.186691E-05  8.949135E-04 -1.493267E-05  7.870292E-07  4.250417E-05  7.490311E-08 -7.475322E-10  3.055986E-04 -5.099417E-06  2.475119E-07  1.336679E-05  2.355162E-08 -2.350506E-10
  2.106292E-05  3.269442E-03 -5.725354E-05  9.410056E-04 -1.648351E-05  8.689129E-07  4.469333E-05  8.282314E-08 -8.674303E-10  3.213383E-04 -5.629020E-06  2.732634E-07  1.405525E-05  2.604190E-08 -2.727509E-10
  2.214853E-05  3.437771E-03 -6.318623E-05  9.894538E-04 -1.819156E-05  9.591304E-07  4.699440E-05  9.157791E-08 -1.006297E-09  3.378826E-04 -6.212310E-06  3.016359E-07  1.477889E-05  2.879464E-08 -3.164156E-10
  2.328981E-05  3.614701E-03 -6.971760E-05  1.040378E-03 -2.007198E-05  1.058493E-06  4.941305E-05  1.012552E-07 -1.167066E-09  3.552723E-04 -6.854462E-06  3.328842E-07  1.553951E-05  3.183746E-08 -3.669671E-10
  2.448960E-05  3.800671E-03 -7.690474E-05  1.093903E-03 -2.214120E-05  1.167881E-06  5.195525E-05  1.119521E-07 -1.353104E-09  3.735503E-04 -7.561090E-06  3.672857E-07  1.633899E-05  3.520085E-08 -4.254641E-10
  2.575091E-05  3.996136E-03 -8.480946E-05  1.150162E-03 -2.441702E-05  1.288252E-06  5.462728E-05  1.237757E-07 -1.568272E-09  3.927617E-04 -8.338270E-06  4.051411E-07  1.717929E-05  3.891853E-08 -4.931205E-10
  2.707688E-05  4.201580E-03 -9.349845E-05  1.209292E-03 -2.691864E-05  1.420641E-06  5.743570E-05  1.368446E-07 -1.816989E-09  4.129538E-04 -9.192560E-06  4.467760E-07  1.806249E-05  4.302774E-08 -5.713260E-10
  2.847084E-05  4.417507E-03 -1.030435E-04  1.271440E-03 -2.966673E-05  1.566166E-06  6.038744E-05  1.512895E-07 -2.104304E-09  4.341762E-04 -1.013102E-05  4.925419E-07  1.899076E-05  4.756962E-08 -6.616680E-10
  2.993627E-05  4.644447E-03 -1.135216E-04  1.336757E-03 -3.268346E-05  1.726029E-06  6.348973E-05  1.672551E-07 -2.435973E-09  4.564811E-04 -1.116121E-05  5.428170E-07  1.996637E-05  5.258965E-08 -7.659568E-10
  3.147683E-05  4.882957E-03 -1.250149E-04  1.405405E-03 -3.599249E-05  1.901520E-06  6.675018E-05  1.849011E-07 -2.818546E-09  4.799231E-04 -1.229123E-05  5.980070E-07  2.099173E-05  5.813805E-08 -8.862516E-10
  3.309638E-05  5.133621E-03 -1.376108E-04  1.477550E-03 -3.961898E-05  2.094017E-06  7.017678E-05  2.044041E-07 -3.259452E-09  5.045596E-04 -1.352966E-05  6.585454E-07  2.206933E-05  6.427032E-08 -1.024888E-09
  3.479896E-05  5.397050E-03 -1.514017E-04  1.553370E-03 -4.358951E-05  2.304986E-06  7.377789E-05  2.259590E-07 -3.767093E-09  5.304508E-04 -1.488557E-05  7.248929E-07  2.320181E-05  7.104778E-08 -1.184509E-09
  3.658884E-05  5.673888E-03 -1.664844E-04  1.633049E-03 -4.793199E-05  2.535975E-06  7.756231E-05  2.497812E-07 -4.350938E-09  5.576599E-04 -1.636851E-05  7.975367E-07  2.439194E-05  7.853816E-08 -1.368091E-09
  3.847049E-05  5.964810E-03 -1.829599E-04  1.716781E-03 -5.267548E-05  2.788613E-06  8.153926E-05  2.761089E-07 -5.021617E-09  5.862532E-04 -1.798839E-05  8.769886E-07  2.564262E-05  8.681630E-08 -1.578976E-09
  4.044861E-05  6.270522E-03 -2.009322E-04  1.804770E-03 -5.784996E-05  3.064596E-06  8.571842E-05  3.052048E-07 -5.791006E-09  6.163001E-04 -1.975545E-05  9.637823E-07  2.695689E-05  9.596487E-08 -1.820900E-09
  4.252815E-05  6.591767E-03 -2.205076E-04  1.897230E-03 -6.348599E-05  3.365676E-06  9.010993E-05  3.373595E-07 -6.672303E-09  6.478737E-04 -2.168013E-05  1.058469E-06  2.833794E-05  1.060752E-07 -2.098012E-09
  4.471431E-05  6.929324E-03 -2.417924E-04  1.994385E-03 -6.961424E-05  3.693644E-06  9.472444E-05  3.728938E-07 -7.680085E-09  6.810505E-04 -2.377290E-05  1.161612E-06  2.978912E-05  1.172482E-07 -2.414896E-09
  4.701256E-05  7.284010E-03 -2.648918E-04  2.096470E-03 -7.626499E-05  4.050307E-06  9.957315E-05  4.121622E-07 -8.830338E-09  7.159108E-04 -2.604410E-05  1.273778E-06  3.131395E-05  1.295952E-07 -2.776578E-09
  4.942864E-05  7.656683E-03 -2.899071E-04  2.203732E-03 -8.346740E-05  4.437454E-06  1.046678E-04  4.555562E-07 -1.014045E-08  7.525389E-04 -2.850369E-05  1.395532E-06  3.291612E-05  1.432395E-07 -3.188525E-09
  5.196860E-05  8.048244E-03 -3.169328E-04  2.316430E-03 -9.124871E-05  4.856830E-06  1.100207E-04  5.035085E-07 -1.162916E-08  7.910235E-04 -3.116098E-05  1.527422E-06  3.459951E-05  1.583171E-07 -3.656630E-09
  5.463878E-05  8.459638E-03 -3.460537E-04  2.434836E-03 -9.963335E-05  5.310089E-06  1.156447E-04  5.564969E-07 -1.331646E-08  8.314573E-04 -3.402431E-05  1.669968E-06  3.636818E-05  1.749781E-07 -4.187180E-09
  5.744587E-05  8.891859E-03 -3.773415E-04  2.559237E-03 -1.086420E-04  5.798761E-06  1.215536E-04  6.150494E-07 -1.522344E-08  8.739381E-04 -3.710072E-05  1.823650E-06  3.822641E-05  1.933886E-07 -4.786807E-09
  6.039688E-05  9.345952E-03 -4.108514E-04  2.689932E-03 -1.182905E-04  6.324209E-06  1.277616E-04  6.797492E-07 -1.737212E-08  9.185685E-04 -4.039568E-05  1.988899E-06  4.017870E-05  2.137320E-07 -5.462434E-09
  6.349919E-05  9.823013E-03 -4.466202E-04  2.827238E-03 -1.285896E-04  6.887604E-06  1.342837E-04  7.512408E-07 -1.978524E-08  9.654563E-04 -4.391280E-05  2.166082E-06  4.222978E-05  2.362110E-07 -6.221212E-09
  6.676056E-05  1.032420E-02 -4.846650E-04  2.971487E-03 -1.395442E-04  7.489922E-06  1.411357E-04  8.302362E-07 -2.248617E-08  1.014715E-03 -4.765379E-05  2.355505E-06  4.438461E-05  2.610493E-07 -7.070487E-09
  7.018914E-05  1.085072E-02 -5.249842E-04  3.123029E-03 -1.511540E-04  8.131958E-06  1.483343E-04  9.175221E-07 -2.549885E-08  1.066464E-03 -5.161850E-05  2.557420E-06  4.664845E-05  2.884944E-07 -8.017794E-09
  7.379351E-05  1.140386E-02 -5.675615E-04  3.282231E-03 -1.634141E-04  8.814390E-06  1.558970E-04  1.013968E-06 -2.884811E-08  1.120829E-03 -5.580534E-05  2.772040E-06  4.902678E-05  3.188196E-07 -9.070932E-09
  7.758269E-05  1.198495E-02 -6.123716E-04  3.449480E-03 -1.763175E-04  9.537873E-06  1.638422E-04  1.120534E-06 -3.256005E-08  1.177942E-03 -6.021185E-05  2.999570E-06  5.152541E-05  3.523269E-07 -1.023812E-08
  8.156613E-05  1.259542E-02 -6.593888E-04  3.625182E-03 -1.898568E-04  1.030316E-05  1.721894E-04  1.238281E-06 -3.666289E-08  1.237941E-03 -6.483554E-05  3.240246E-06  5.415043E-05  3.893501E-07 -1.152822E-08
  8.575381E-05  1.323675E-02 -7.085951E-04  3.809766E-03 -2.040269E-04  1.111121E-05  1.809588E-04  1.368383E-06 -4.118787E-08  1.300974E-03 -6.967465E-05  3.494374E-06  5.690826E-05  4.302577E-07 -1.295106E-08
  9.015620E-05  1.391049E-02 -7.599876E-04  4.003680E-03 -2.188270E-04  1.196334E-05  1.901719E-04  1.512135E-06 -4.617028E-08  1.367192E-03 -7.472893E-05  3.762365E-06  5.980562E-05  4.754573E-07 -1.451774E-08
  9.478431E-05  1.461830E-02 -8.135837E-04  4.207398E-03 -2.342622E-04  1.286128E-05  1.998513E-04  1.670969E-06 -5.165043E-08  1.436758E-03 -8.000012E-05  4.044761E-06  6.284961E-05  5.253990E-07 -1.624093E-08
  9.964970E-05  1.536189E-02 -8.694240E-04  4.421413E-03 -2.503443E-04  1.380721E-05  2.100206E-04  1.846466E-06 -5.767455E-08  1.509841E-03 -8.549225E-05  4.342252E-06  6.604764E-05  5.805800E-07 -1.813518E-08
  1.047645E-04  1.614307E-02 -9.275723E-04  4.646248E-03 -2.670917E-04  1.480382E-05  2.207045E-04  2.040373E-06 -6.429545E-08  1.586618E-03 -9.121161E-05  4.655683E-06  6.940755E-05  6.415498E-07 -2.021709E-08
  1.101416E-04  1.696374E-02 -9.881144E-04  4.882448E-03 -2.845293E-04  1.585430E-05  2.319292E-04  2.254621E-06 -7.157316E-08  1.667277E-03 -9.716671E-05  4.986054E-06  7.293752E-05  7.089153E-07 -2.250554E-08
  1.157944E-04  1.782589E-02 -1.051156E-03  5.130588E-03 -3.026877E-04  1.696230E-05  2.437221E-04  2.491343E-06 -7.957547E-08  1.752012E-03 -1.033680E-04  5.334515E-06  7.664617E-05  7.833473E-07 -2.502184E-08
  1.217370E-04  1.873162E-02 -1.116822E-03  5.391269E-03 -3.216027E-04  1.813195E-05  2.561120E-04  2.752895E-06 -8.837847E-08  1.841031E-03 -1.098277E-04  5.702368E-06  8.054254E-05  8.655865E-07 -2.778992E-08
  1.279843E-04  1.968312E-02 -1.185250E-03  5.665125E-03 -3.413143E-04  1.936785E-05  2.691289E-04  3.041880E-06 -9.806714E-08  1.934548E-03 -1.165594E-04  6.091058E-06  8.463613E-05  9.564513E-07 -3.083651E-08
  1.345519E-04  2.068271E-02 -1.256592E-03  5.952819E-03 -3.618665E-04  2.067507E-05  2.828046E-04  3.361174E-06 -1.087360E-07  2.032791E-03 -1.235783E-04  6.502177E-06  8.893689E-05  1.056846E-06 -3.419134E-08
  1.414562E-04  2.173280E-02 -1.331013E-03  6.255048E-03 -3.833068E-04  2.205913E-05  2.971725E-04  3.713953E-06 -1.204899E-07  2.135997E-03 -1.309005E-04  6.937466E-06  9.345532E-05  1.167769E-06 -3.788736E-08
  1.487145E-04  2.283593E-02 -1.408688E-03  6.572543E-03 -4.056855E-04  2.352607E-05  3.122674E-04  4.103726E-06 -1.334448E-07  2.244416E-03 -1.385433E-04  7.398821E-06  9.820239E-05  1.290325E-06 -4.196107E-08
  1.563450E-04  2.399478E-02 -1.489800E-03  6.906072E-03 -4.290560E-04  2.508243E-05  3.281261E-04  4.534371E-06 -1.477290E-07  2.358310E-03 -1.465248E-04  7.888297E-06  1.031896E-04  1.425732E-06 -4.645281E-08
  1.643667E-04  2.521213E-02 -1.574544E-03  7.256441E-03 -4.534744E-04  2.673528E-05  3.447871E-04  5.010170E-06 -1.634842E-07  2.477955E-03 -1.548642E-04  8.408124E-06  1.084292E-04  1.575336E-06 -5.140711E-08
  1.727996E-04  2.649094E-02 -1.663123E-03  7.624495E-03 -4.789996E-04  2.849233E-05  3.622908E-04  5.535855E-06 -1.808667E-07  2.603640E-03 -1.635817E-04  8.960720E-06  1.139338E-04  1.740626E-06 -5.687315E-08
  1.816649E-04  2.783428E-02 -1.755750E-03  8.011123E-03 -5.056931E-04  3.036188E-05  3.806798E-04  6.116650E-06 -2.000491E-07  2.735667E-03 -1.726983E-04  9.548702E-06  1.197168E-04  1.923244E-06 -6.290522E-08
  1.909848E-04  2.924539E-02 -1.852649E-03  8.417256E-03 -5.336195E-04  3.235297E-05  3.999986E-04  6.758330E-06 -2.212219E-07  2.874354E-03 -1.822360E-04  1.017491E-05  1.257922E-04  2.125006E-06 -6.956322E-08
  2.007825E-04  3.072768E-02 -1.954052E-03  8.843871E-03 -5.628463E-04  3.447538E-05  4.202941E-04  7.467272E-06 -2.445954E-07  3.020036E-03 -1.922178E-04  1.084242E-05  1.321747E-04  2.347916E-06 -7.691327E-08
  2.110825E-04  3.228469E-02 -2.060204E-03  9.291993E-03 -5.934439E-04  3.673973E-05  4.416154E-04  8.250519E-06 -2.704015E-07  3.173062E-03 -2.026680E-04  1.155457E-05  1.388799E-04  2.594191E-06 -8.502836E-08
  2.219107E-04  3.392018E-02 -2.171358E-03  9.762700E-03 -6.254861E-04  3.915757E-05  4.640141E-04  9.115853E-06 -2.988965E-07  3.333800E-03 -2.136116E-04  1.231500E-05  1.459239E-04  2.866275E-06 -9.398905E-08
  2.332940E-04  3.563807E-02 -2.287782E-03  1.025712E-02 -6.590503E-04  4.174142E-05  4.875445E-04  1.007187E-05 -3.303632E-07  3.502636E-03 -2.250751E-04  1.312764E-05  1.533237E-04  3.166873E-06 -1.038843E-07
  2.452609E-04  3.744247E-02 -2.409754E-03  1.077644E-02 -6.942171E-04  4.450491E-05  5.122633E-04  1.112806E-05 -3.651138E-07  3.679974E-03 -2.370861E-04  1.399679E-05  1.610973E-04  3.498968E-06 -1.148123E-07
  2.578414E-04  3.933769E-02 -2.537566E-03  1.132190E-02 -7.310710E-04  4.746289E-05  5.382302E-04  1.229491E-05 -4.034930E-07  3.866238E-03 -2.496734E-04  1.492710E-05  1.692634E-04  3.865859E-06 -1.268814E-07
  2.710669E-04  4.132828E-02 -2.671523E-03  1.189480E-02 -7.697007E-04  5.063148E-05  5.655079E-04  1.358401E-05 -4.458814E-07  4.061874E-03 -2.628674E-04  1.592366E-05  1.778417E-04  4.271185E-06 -1.402115E-07
  2.849705E-04  4.341898E-02 -2.811944E-03  1.249651E-02 -8.101988E-04  5.402829E-05  5.941621E-04  1.500814E-05 -4.926992E-07  4.267348E-03 -2.766996E-04  1.699199E-05  1.868529E-04  4.718971E-06 -1.549345E-07
  2.995869E-04  4.561476E-02 -2.959164E-03  1.312846E-02 -8.526621E-04  5.767248E-05  6.242619E-04  1.658144E-05 -5.444104E-07  4.483149E-03 -2.912033E-04  1.813814E-05  1.963187E-04  5.213659E-06 -1.711966E-07
  3.149528E-04  4.792086E-02 -3.113533E-03  1.379216E-02 -8.971924E-04  6.158496E-05  6.558795E-04  1.831950E-05 -6.015275E-07  4.709791E-03 -3.064131E-04  1.936866E-05  2.062618E-04  5.760155E-06 -1.891588E-07
  3.311064E-04  5.034275E-02 -3.275416E-03  1.448919E-02 -9.438960E-04  6.578854E-05  6.890909E-04  2.023958E-05 -6.646160E-07  4.947811E-03 -3.223654E-04  2.069075E-05  2.167061E-04  6.363878E-06 -2.089992E-07
  3.480883E-04  5.288616E-02 -3.445198E-03  1.522118E-02 -9.928842E-04  7.030811E-05  7.239758E-04  2.236069E-05 -7.343008E-07  5.197774E-03 -3.390983E-04  2.211222E-05  2.276768E-04  7.030813E-06 -2.309141E-07
  3.659409E-04  5.555712E-02 -3.623278E-03  1.598988E-02 -1.044274E-03  7.517087E-05  7.606178E-04  2.470386E-05 -8.112716E-07  5.460271E-03 -3.566516E-04  2.364163E-05  2.392000E-04  7.767569E-06 -2.551206E-07
  3.847088E-04  5.836194E-02 -3.810076E-03  1.679710E-02 -1.098187E-03  8.040652E-05  7.991046E-04  2.729231E-05 -8.962898E-07  5.735922E-03 -3.750670E-04  2.528833E-05  2.513033E-04  8.581447E-06 -2.818582E-07
  4.044389E-04  6.130721E-02 -4.006033E-03  1.764474E-02 -1.154751E-03  8.604752E-05  8.395282E-04  3.015166E-05 -9.901964E-07  6.025375E-03 -3.943885E-04  2.706253E-05  2.640157E-04  9.480506E-06 -3.113915E-07
  4.251806E-04  6.439988E-02 -4.211608E-03  1.853479E-02 -1.214100E-03  9.212938E-05  8.819850E-04  3.331024E-05 -1.093920E-06  6.329311E-03 -4.146616E-04  2.897538E-05  2.773675E-04  1.047365E-05 -3.440125E-07
  4.469858E-04  6.764718E-02 -4.427282E-03  1.946935E-02 -1.276376E-03  9.869093E-05  9.265763E-04  3.679930E-05 -1.208485E-06  6.648443E-03 -4.359344E-04  3.103912E-05  2.913906E-04  1.157070E-05 -3.800436E-07
  4.699090E-04  7.105672E-02 -4.653559E-03  2.045058E-02 -1.341723E-03  1.057747E-04  9.734080E-04  4.065336E-05 -1.335024E-06  6.983517E-03 -4.582572E-04  3.326709E-05  3.061182E-04  1.278252E-05 -4.198410E-07
  4.940074E-04  7.463646E-02 -4.890965E-03  2.148080E-02 -1.410297E-03  1.134271E-04  1.022591E-03  4.491054E-05 -1.474785E-06  7.335315E-03 -4.816824E-04  3.567394E-05  3.215853E-04  1.412109E-05 -4.637976E-07
  5.193414E-04  7.839473E-02 -5.140053E-03  2.256238E-02 -1.482258E-03  1.216991E-04  1.074243E-03  4.961291E-05 -1.629149E-06  7.704654E-03 -5.062653E-04  3.827567E-05  3.378287E-04  1.559965E-05 -5.123473E-07
  5.459743E-04  8.234024E-02 -5.401397E-03  2.369784E-02 -1.557776E-03  1.306465E-04  1.128485E-03  5.480696E-05 -1.799637E-06  8.092393E-03 -5.320634E-04  4.108984E-05  3.548868E-04  1.723279E-05 -5.659693E-07
  5.739727E-04  8.648214E-02 -5.675603E-03  2.488982E-02 -1.637025E-03  1.403305E-04  1.185446E-03  6.054397E-05 -1.987931E-06  8.499427E-03 -5.591371E-04  4.413566E-05  3.727998E-04  1.903666E-05 -6.251922E-07
  6.034066E-04  9.082997E-02 -5.963299E-03  2.614104E-02 -1.720192E-03  1.508179E-04  1.245260E-03  6.688059E-05 -2.195884E-06  8.926695E-03 -5.875495E-04  4.743421E-05  3.916100E-04  2.102906E-05 -6.905999E-07
  6.343496E-04  9.539373E-02 -6.265147E-03  2.745439E-02 -1.807469E-03  1.621823E-04  1.308068E-03  7.387935E-05 -2.425546E-06  9.375178E-03 -6.173669E-04  5.100858E-05  4.113615E-04  2.322966E-05 -7.628366E-07
  6.668791E-04  1.001839E-01 -6.581833E-03  2.883288E-02 -1.899059E-03  1.745041E-04  1.374016E-03  8.160926E-05 -2.679176E-06  9.845903E-03 -6.486584E-04  5.488410E-05  4.321008E-04  2.566014E-05 -8.426134E-07
  7.010765E-04  1.052113E-01 -6.914080E-03  3.027965E-02 -1.995172E-03  1.878716E-04  1.443259E-03  9.014652E-05 -2.959268E-06  1.033994E-02 -6.814964E-04  5.908853E-05  4.538764E-04  2.834448E-05 -9.307153E-07
  7.370271E-04  1.104875E-01 -7.262639E-03  3.179798E-02 -2.096032E-03  2.023818E-04  1.515960E-03  9.957524E-05 -3.268574E-06  1.085842E-02 -7.159567E-04  6.365236E-05  4.767390E-04  3.130912E-05 -1.028008E-06
  7.748210E-04  1.160244E-01 -7.628297E-03  3.339131E-02 -2.201868E-03  2.181408E-04  1.592286E-03  1.099882E-04 -3.610132E-06  1.140251E-02 -7.521183E-04  6.860900E-05  5.007420E-04  3.458323E-05 -1.135449E-06
  8.145526E-04  1.218345E-01 -8.011873E-03  3.506323E-02 -2.312923E-03  2.352654E-04  1.672416E-03  1.214880E-04 -3.987294E-06  1.197343E-02 -7.900642E-04  7.399515E-05  5.259410E-04  3.819904E-05 -1.254091E-06
  8.563213E-04  1.279307E-01 -8.414226E-03  3.681748E-02 -2.429450E-03  2.538835E-04  1.756535E-03  1.341875E-04 -4.403758E-06  1.257247E-02 -8.298810E-04  7.985109E-05  5.523944E-04  4.219210E-05 -1.385099E-06
  9.002315E-04  1.343268E-01 -8.836248E-03  3.865798E-02 -2.551712E-03  2.741358E-04  1.844837E-03  1.482116E-04 -4.863603E-06  1.320095E-02 -8.716590E-04  8.622102E-05  5.801633E-04  4.660164E-05 -1.529757E-06
  9.463931E-04  1.410369E-01 -9.278873E-03  4.058881E-02 -2.679987E-03  2.961766E-04  1.937525E-03  1.636980E-04 -5.371330E-06  1.386028E-02 -9.154930E-04  9.315350E-05  6.093113E-04  5.147096E-05 -1.689482E-06
  9.949214E-04  1.480758E-01 -9.743074E-03  4.261422E-02 -2.814563E-03  3.201754E-04  2.034811E-03  1.807986E-04 -5.931904E-06  1.455191E-02 -9.614816E-04  1.007018E-04  6.399054E-04  5.684783E-05 -1.865836E-06
  1.045938E-03  1.554590E-01 -1.022986E-02  4.473866E-02 -2.955740E-03  3.463184E-04  2.136918E-03  1.996811E-04 -6.550802E-06  1.527735E-02 -1.009728E-03  1.089246E-04  6.720155E-04  6.278495E-05 -2.060544E-06
  1.099570E-03  1.632026E-01 -1.074030E-02  4.696676E-02 -3.103833E-03  3.748101E-04  2.244077E-03  2.205304E-04 -7.234063E-06  1.603819E-02 -1.060340E-03  1.178861E-04  7.057144E-04  6.934047E-05 -2.275508E-06
  1.155952E-03  1.713234E-01 -1.127548E-02  4.930335E-02 -3.259171E-03  4.058751E-04  2.356532E-03  2.435504E-04 -7.988349E-06  1.683607E-02 -1.113430E-03  1.276570E-04  7.410786E-04  7.657855E-05 -2.512824E-06
  1.215224E-03  1.798389E-01 -1.183655E-02  5.175344E-02 -3.422094E-03  4.397602E-04  2.474537E-03  2.689664E-04 -8.821005E-06  1.767271E-02 -1.169114E-03  1.383150E-04  7.781877E-04  8.456994E-05 -2.774805E-06
  1.277536E-03  1.887674E-01 -1.242471E-02  5.432226E-02 -3.592960E-03  4.767368E-04  2.598355E-03  2.970264E-04 -9.740129E-06  1.854989E-02 -1.227517E-03  1.499453E-04  8.171251E-04  9.339269E-05 -3.064002E-06
  1.343042E-03  1.981276E-01 -1.304119E-02  5.701526E-02 -3.772141E-03  5.171028E-04  2.728263E-03  3.280043E-04 -1.075465E-05  1.946947E-02 -1.288764E-03  1.626417E-04  8.579777E-04  1.031329E-04 -3.383227E-06
  1.411907E-03  2.079395E-01 -1.368728E-02  5.983809E-02 -3.960023E-03  5.611857E-04  2.864551E-03  3.622020E-04 -1.187441E-05  2.043338E-02 -1.352988E-03  1.765072E-04  9.008363E-04  1.138854E-04 -3.735578E-06
  1.484303E-03  2.182233E-01 -1.436432E-02  6.279662E-02 -4.157010E-03  6.093454E-04  3.007520E-03  3.999524E-04 -1.311026E-05  2.144362E-02 -1.420329E-03  1.916550E-04  9.457957E-04  1.257550E-04 -4.124473E-06
  1.560411E-03  2.290005E-01 -1.507369E-02  6.589695E-02 -4.363522E-03  6.619776E-04  3.157483E-03  4.416224E-04 -1.447415E-05  2.250228E-02 -1.490930E-03  2.082095E-04  9.929545E-04  1.388570E-04 -4.553679E-06
  1.640420E-03  2.402930E-01 -1.581684E-02  6.914541E-02 -4.579995E-03  7.195169E-04  3.314769E-03  4.876168E-04 -1.597926E-05  2.361152E-02 -1.564940E-03  2.263075E-04  1.042416E-03  1.533187E-04 -5.027345E-06
  1.724532E-03  2.521238E-01 -1.659526E-02  7.254856E-02 -4.806882E-03  7.824413E-04  3.479719E-03  5.383816E-04 -1.764010E-05  2.477358E-02 -1.642516E-03  2.460993E-04  1.094287E-03  1.692803E-04 -5.550045E-06
  1.812956E-03  2.645165E-01 -1.741049E-02  7.611320E-02 -5.044656E-03  8.512758E-04  3.652688E-03  5.944083E-04 -1.947266E-05  2.599077E-02 -1.723819E-03  2.677500E-04  1.148680E-03  1.868963E-04 -6.126817E-06
  1.905914E-03  2.774958E-01 -1.826414E-02  7.984636E-02 -5.293805E-03  9.265976E-04  3.834047E-03  6.562387E-04 -2.149456E-05  2.726549E-02 -1.809018E-03  2.914411E-04  1.205711E-03  2.063371E-04 -6.763211E-06
  2.003638E-03  2.910870E-01 -1.915785E-02  8.375531E-02 -5.554837E-03  1.009041E-03  4.024181E-03  7.244697E-04 -2.372519E-05  2.860024E-02 -1.898286E-03  3.173723E-04  1.265501E-03  2.277903E-04 -7.465341E-06
  2.106373E-03  3.053165E-01 -2.009333E-02  8.784756E-02 -5.828279E-03  1.099303E-03  4.223491E-03  7.997589E-04 -2.618590E-05  2.999757E-02 -1.991806E-03  3.457627E-04  1.328176E-03  2.514627E-04 -8.239937E-06
  2.214374E-03  3.202112E-01 -2.107235E-02  9.213087E-02 -6.114676E-03  1.198150E-03  4.432393E-03  8.828307E-04 -2.890021E-05  3.146012E-02 -2.089764E-03  3.768532E-04  1.393868E-03  2.775821E-04 -9.094413E-06
  2.327914E-03  3.357993E-01 -2.209671E-02  9.661321E-02 -6.414593E-03  1.306424E-03  4.651320E-03  9.744829E-04 -3.189400E-05  3.299063E-02 -2.192355E-03  4.109088E-04  1.462711E-03  3.063992E-04 -1.003693E-05
  2.447274E-03  3.521093E-01 -2.316828E-02  1.013028E-01 -6.728613E-03  1.425050E-03  4.880721E-03  1.075594E-03 -3.519575E-05  3.459188E-02 -2.299779E-03  4.482202E-04  1.534848E-03  3.381904E-04 -1.107646E-05
  2.572754E-03  3.691711E-01 -2.428898E-02  1.062081E-01 -7.057338E-03  1.555044E-03  5.121062E-03  1.187132E-03 -3.883677E-05  3.626678E-02 -2.412245E-03  4.891072E-04  1.610424E-03  3.732597E-04 -1.222289E-05
  2.704668E-03  3.870150E-01 -2.546078E-02  1.113378E-01 -7.401392E-03  1.697522E-03  5.372825E-03  1.310160E-03 -4.285155E-05  3.801827E-02 -2.529966E-03  5.339209E-04  1.689591E-03  4.119418E-04 -1.348709E-05
  2.843345E-03  4.056722E-01 -2.668569E-02  1.167007E-01 -7.761416E-03  1.853711E-03  5.636512E-03  1.445851E-03 -4.727798E-05  3.984937E-02 -2.653163E-03  5.830469E-04  1.772507E-03  4.546051E-04 -1.488102E-05
  2.989132E-03  4.251746E-01 -2.796578E-02  1.223059E-01 -8.138069E-03  2.024958E-03  5.912638E-03  1.595495E-03 -5.215773E-05  4.176319E-02 -2.782066E-03  6.369090E-04  1.859334E-03  5.016551E-04 -1.641783E-05
  3.142394E-03  4.455550E-01 -2.930314E-02  1.281627E-01 -8.532030E-03  2.212743E-03  6.201739E-03  1.760509E-03 -5.753661E-05  4.376289E-02 -2.916907E-03  6.959724E-04  1.950239E-03  5.535375E-04 -1.811197E-05
  3.303513E-03  4.668466E-01 -3.069991E-02  1.342805E-01 -8.943997E-03  2.418689E-03  6.504368E-03  1.942453E-03 -6.346496E-05  4.585167E-02 -3.057927E-03  7.607478E-04  2.045398E-03  6.107430E-04 -1.997934E-05
  3.472894E-03  4.890834E-01 -3.215828E-02  1.406689E-01 -9.374683E-03  2.644580E-03  6.821093E-03  2.143044E-03 -6.999807E-05  4.803280E-02 -3.205374E-03  8.317960E-04  2.144987E-03  6.738107E-04 -2.203739E-05
  3.650958E-03  5.122997E-01 -3.368045E-02  1.473376E-01 -9.824820E-03  2.892372E-03  7.152502E-03  2.364166E-03 -7.719668E-05  5.030959E-02 -3.359500E-03  9.097325E-04  2.249193E-03  7.433334E-04 -2.430530E-05
  3.838153E-03  5.365305E-01 -3.526865E-02  1.542964E-01 -1.029515E-02  3.164214E-03  7.499199E-03  2.607893E-03 -8.512746E-05  5.268538E-02 -3.520563E-03  9.952326E-04  2.358203E-03  8.199627E-04 -2.680414E-05
  4.034945E-03  5.618109E-01 -3.692512E-02  1.615551E-01 -1.078645E-02  3.462461E-03  7.861805E-03  2.876501E-03 -9.386360E-05  5.516353E-02 -3.688829E-03  1.089037E-03  2.472214E-03  9.044142E-04 -2.955703E-05
  4.241826E-03  5.881764E-01 -3.865213E-02  1.691237E-01 -1.129947E-02  3.789699E-03  8.240956E-03  3.172491E-03 -1.034854E-04  5.774740E-02 -3.864564E-03  1.191959E-03  2.591425E-03  9.974742E-04 -3.258934E-05
  4.459315E-03  6.156625E-01 -4.045191E-02  1.770120E-01 -1.183501E-02  4.148761E-03  8.637305E-03  3.498610E-03 -1.140809E-04  6.044035E-02 -4.048042E-03  1.304890E-03  2.716041E-03  1.100006E-03 -3.592891E-05
  4.687955E-03  6.443047E-01 -4.232673E-02  1.852298E-01 -1.239387E-02  4.542753E-03  9.051519E-03  3.857871E-03 -1.257467E-04  6.324572E-02 -4.239539E-03  1.428806E-03  2.846271E-03  1.212957E-03 -3.960628E-05
  4.928317E-03  6.741383E-01 -4.427880E-02  1.937869E-01 -1.297683E-02  4.975082E-03  9.484279E-03  4.253582E-03 -1.385885E-04  6.616679E-02 -4.439335E-03  1.564777E-03  2.982328E-03  1.337366E-03 -4.365491E-05
  5.181003E-03  7.051982E-01 -4.631032E-02  2.026926E-01 -1.358472E-02  5.449477E-03  9.936279E-03  4.689371E-03 -1.527224E-04  6.920680E-02 -4.647710E-03  1.713978E-03  3.124431E-03  1.474375E-03 -4.811148E-05
  5.446645E-03  7.375187E-01 -4.842342E-02  2.119563E-01 -1.421833E-02  5.970025E-03  1.040822E-02  5.169217E-03 -1.682751E-04  7.236889E-02 -4.864946E-03  1.877692E-03  3.272800E-03  1.625233E-03 -5.301616E-05
  5.725906E-03  7.711331E-01 -5.062018E-02  2.215869E-01 -1.487847E-02  6.541197E-03  1.090083E-02  5.697479E-03 -1.853857E-04  7.565606E-02 -5.091325E-03  2.057326E-03  3.427658E-03  1.791310E-03 -5.841293E-05
  6.019485E-03  8.060737E-01 -5.290260E-02  2.315929E-01 -1.556594E-02  7.167890E-03  1.141481E-02  6.278933E-03 -2.042060E-04  7.907121E-02 -5.327128E-03  2.254418E-03  3.589233E-03  1.974108E-03 -6.434992E-05
  6.328116E-03  8.423716E-01 -5.527257E-02  2.419822E-01 -1.628152E-02  7.855458E-03  1.195091E-02  6.918810E-03 -2.249021E-04  8.261701E-02 -5.572632E-03  2.470652E-03  3.757751E-03  2.175270E-03 -7.087977E-05
  6.652571E-03  8.800558E-01 -5.773185E-02  2.527623E-01 -1.702599E-02  8.609756E-03  1.250984E-02  7.622835E-03 -2.476557E-04  8.629595E-02 -5.828108E-03  2.707868E-03  3.933440E-03  2.396595E-03 -7.806001E-05
  6.993662E-03  9.191536E-01 -6.028209E-02  2.639396E-01 -1.780011E-02  9.437185E-03  1.309234E-02  8.397270E-03 -2.726648E-04  9.011024E-02 -6.093825E-03  2.968079E-03  4.116530E-03  2.640051E-03 -8.595353E-05
  7.352240E-03  9.596897E-01 -6.292472E-02  2.755200E-01 -1.860459E-02  1.034473E-02  1.369915E-02  9.248963E-03 -3.001459E-04  9.406178E-02 -6.370038E-03  3.253479E-03  4.307248E-03  2.907789E-03 -9.462897E-05
  7.729203E-03  1.001686E+00 -6.566100E-02  2.875081E-01 -1.944012E-02  1.134004E-02  1.433097E-02  1.018540E-02 -3.303349E-04  9.815213E-02 -6.656995E-03  3.566469E-03  4.505817E-03  3.202160E-03 -1.041612E-04
  8.125494E-03  1.045160E+00 -6.849195E-02  2.999074E-01 -2.030735E-02  1.243142E-02  1.498852E-02  1.121474E-02 -3.634889E-04  1.023824E-01 -6.954929E-03  3.909665E-03  4.712459E-03  3.525731E-03 -1.146320E-04
  8.542102E-03  1.090128E+00 -7.141832E-02  3.127201E-01 -2.120689E-02  1.362796E-02  1.567250E-02  1.234592E-02 -3.998882E-04  1.067533E-01 -7.264058E-03  4.285921E-03  4.927390E-03  3.881304E-03 -1.261303E-04
  8.980071E-03  1.136599E+00 -7.444058E-02  3.259468E-01 -2.213926E-02  1.493957E-02  1.638358E-02  1.358866E-02 -4.398374E-04  1.112649E-01 -7.584579E-03  4.698345E-03  5.150818E-03  4.271933E-03 -1.387531E-04
  9.440495E-03  1.184579E+00 -7.755884E-02  3.395863E-01 -2.310495E-02  1.637701E-02  1.712240E-02  1.495357E-02 -4.836680E-04  1.159167E-01 -7.916668E-03  5.150323E-03  5.382945E-03  4.700948E-03 -1.526059E-04
  9.924525E-03  1.234067E+00 -8.077284E-02  3.536353E-01 -2.410434E-02  1.795203E-02  1.788959E-02  1.645219E-02 -5.317402E-04  1.207076E-01 -8.260473E-03  5.645541E-03  5.623958E-03  5.171976E-03 -1.678032E-04
  1.043337E-02  1.285058E+00 -8.408190E-02  3.680886E-01 -2.513774E-02  1.967737E-02  1.868571E-02  1.809708E-02 -5.844448E-04  1.256355E-01 -8.616115E-03  6.188002E-03  5.874035E-03  5.688961E-03 -1.844698E-04
  1.096831E-02  1.337536E+00 -8.748485E-02  3.829382E-01 -2.620533E-02  2.156690E-02  1.951131E-02  1.990193E-02 -6.422058E-04  1.306977E-01 -8.983677E-03  6.782060E-03  6.133337E-03  6.256193E-03 -2.027407E-04
  1.153067E-02  1.391482E+00 -9.098004E-02  3.981733E-01 -2.730720E-02  2.363566E-02  2.036685E-02  2.188156E-02 -7.054822E-04  1.358903E-01 -9.363203E-03  7.432436E-03  6.402006E-03  6.878330E-03 -2.227625E-04
  1.212187E-02  1.446864E+00 -9.456520E-02  4.137802E-01 -2.844328E-02  2.589998E-02  2.125274E-02  2.405210E-02 -7.747709E-04  1.412084E-01 -9.754694E-03  8.144253E-03  6.680165E-03  7.560427E-03 -2.446939E-04
  1.274337E-02  1.503645E+00 -9.823747E-02  4.297416E-01 -2.961338E-02  2.837753E-02  2.216932E-02  2.643103E-02 -8.506091E-04  1.466459E-01 -1.015810E-02  8.923058E-03  6.967911E-03  8.307966E-03 -2.687067E-04
  1.339675E-02  1.561774E+00 -1.019933E-01  4.460365E-01 -3.081713E-02  3.108747E-02  2.311684E-02  2.903725E-02 -9.335765E-04  1.521955E-01 -1.057332E-02  9.774854E-03  7.265314E-03  9.126879E-03 -2.949865E-04
  1.408362E-02  1.621190E+00 -1.058284E-01  4.626398E-01 -3.205396E-02  3.405048E-02  2.409546E-02  3.189126E-02 -1.024298E-03  1.578482E-01 -1.100017E-02  1.070613E-02  7.572411E-03  1.002359E-02 -3.237334E-04
  1.480571E-02  1.681822E+00 -1.097376E-01  4.795217E-01 -3.332312E-02  3.728892E-02  2.510522E-02  3.501517E-02 -1.123447E-03  1.635937E-01 -1.143843E-02  1.172389E-02  7.889205E-03  1.100502E-02 -3.551633E-04
  1.556482E-02  1.743582E+00 -1.137150E-01  4.966477E-01 -3.462363E-02  4.082688E-02  2.614606E-02  3.843287E-02 -1.231746E-03  1.694197E-01 -1.188779E-02  1.283569E-02  8.215659E-03  1.207866E-02 -3.895085E-04
  1.636285E-02  1.806371E+00 -1.177537E-01  5.139776E-01 -3.595425E-02  4.469034E-02  2.721774E-02  4.217010E-02 -1.349973E-03  1.753123E-01 -1.234784E-02  1.404965E-02  8.551691E-03  1.325257E-02 -4.270188E-04
  1.720179E-02  1.870073E+00 -1.218457E-01  5.314656E-01 -3.731350E-02  4.890722E-02  2.831993E-02  4.625456E-02 -1.478958E-03  1.812553E-01 -1.281810E-02  1.537452E-02  8.897168E-03  1.453541E-02 -4.679619E-04
  1.808375E-02  1.934558E+00 -1.259823E-01  5.490596E-01 -3.869958E-02  5.350751E-02  2.945208E-02  5.071601E-02 -1.619592E-03  1.872305E-01 -1.329798E-02  1.681968E-02  9.251903E-03  1.593649E-02 -5.126249E-04
  1.901093E-02  1.999676E+00 -1.301533E-01  5.667005E-01 -4.011039E-02  5.852335E-02  3.061350E-02  5.558640E-02 -1.772824E-03  1.932171E-01 -1.378678E-02  1.839517E-02  9.615650E-03  1.746580E-02 -5.613145E-04
  1.998565E-02  2.065261E+00 -1.343476E-01  5.843223E-01 -4.154350E-02  6.398916E-02  3.180326E-02  6.089993E-02 -1.939667E-03  1.991919E-01 -1.428371E-02  2.011174E-02  9.988094E-03  1.913401E-02 -6.143581E-04
  2.101034E-02  2.131128E+00 -1.385526E-01  6.018509E-01 -4.299610E-02  6.994169E-02  3.302023E-02  6.669314E-02 -2.121196E-03  2.051291E-01 -1.478780E-02  2.198085E-02  1.036885E-02  2.095253E-02 -6.721042E-04
  2.208757E-02  2.197072E+00 -1.427547E-01  6.192041E-01 -4.446498E-02  7.642012E-02  3.426305E-02  7.300504E-02 -2.318550E-03  2.109997E-01 -1.529801E-02  2.401473E-02  1.075745E-02  2.293352E-02 -7.349231E-04
  2.322003E-02  2.262867E+00 -1.469390E-01  6.362911E-01 -4.594656E-02  8.346612E-02  3.553009E-02  7.987713E-02 -2.532936E-03  2.167719E-01 -1.581309E-02  2.622635E-02  1.115335E-02  2.508990E-02 -8.032074E-04
  2.441055E-02  2.328266E+00 -1.510891E-01  6.530118E-01 -4.743676E-02  9.112391E-02  3.681945E-02  8.735348E-02 -2.765625E-03  2.224105E-01 -1.633170E-02  2.862945E-02  1.155589E-02  2.743537E-02 -8.773718E-04
  2.566212E-02  2.393003E+00 -1.551872E-01  6.692564E-01 -4.893109E-02  9.944029E-02  3.812892E-02  9.548077E-02 -3.017953E-03  2.278769E-01 -1.685228E-02  3.123856E-02  1.196435E-02  2.998442E-02 -9.578535E-04
  2.697785E-02  2.456786E+00 -1.592144E-01  6.849051E-01 -5.042454E-02  1.084647E-01  3.945599E-02  1.043083E-01 -3.291320E-03  2.331292E-01 -1.737315E-02  3.406900E-02  1.237786E-02  3.275234E-02 -1.045112E-03
  2.836104E-02  2.519305E+00 -1.631502E-01  6.998278E-01 -5.191160E-02  1.182490E-01  4.079780E-02  1.138880E-01 -3.587188E-03  2.381215E-01 -1.789240E-02  3.713683E-02  1.279546E-02  3.575518E-02 -1.139628E-03
  2.981514E-02  2.580227E+00 -1.669729E-01  7.138836E-01 -5.338626E-02  1.288477E-01  4.215114E-02  1.242743E-01 -3.907076E-03  2.428043E-01 -1.840797E-02  4.045886E-02  1.321608E-02  3.900977E-02 -1.241902E-03
  3.134380E-02  2.639198E+00 -1.706595E-01  7.269207E-01 -5.484193E-02  1.403179E-01  4.351242E-02  1.355242E-01 -4.252556E-03  2.471241E-01 -1.891760E-02  4.405262E-02  1.363850E-02  4.253363E-02 -1.352458E-03
  3.295084E-02  2.695844E+00 -1.741857E-01  7.387762E-01 -5.627150E-02  1.527187E-01  4.487765E-02  1.476970E-01 -4.625246E-03  2.510236E-01 -1.941882E-02  4.793628E-02  1.406137E-02  4.634496E-02 -1.471831E-03
  3.464027E-02  2.749774E+00 -1.775262E-01  7.492763E-01 -5.766728E-02  1.661116E-01  4.624246E-02  1.608543E-01 -5.026804E-03  2.544415E-01 -1.990895E-02  5.212858E-02  1.448321E-02  5.046259E-02 -1.600578E-03
  3.641632E-02  2.800577E+00 -1.806547E-01  7.582359E-01 -5.902102E-02  1.805597E-01  4.760202E-02  1.750595E-01 -5.458915E-03  2.573125E-01 -2.038512E-02  5.664876E-02  1.490238E-02  5.490582E-02 -1.739265E-03
  3.828343E-02  2.847828E+00 -1.835439E-01  7.654594E-01 -6.032392E-02  1.961280E-01  4.895109E-02  1.903779E-01 -5.923282E-03  2.595677E-01 -2.084424E-02  6.151642E-02  1.531711E-02  5.969436E-02 -1.888468E-03
  4.024627E-02  2.891092E+00 -1.861659E-01  7.707409E-01 -6.156664E-02  2.128826E-01  5.028399E-02  2.068758E-01 -6.421609E-03  2.611342E-01 -2.128303E-02  6.675141E-02  1.572547E-02  6.484821E-02 -2.048766E-03
  4.230975E-02  2.929922E+00 -1.884926E-01  7.738648E-01 -6.273928E-02  2.308902E-01  5.159457E-02  2.246205E-01 -6.955585E-03  2.619360E-01 -2.169798E-02  7.237360E-02  1.612535E-02  7.038742E-02 -2.220742E-03
  4.447902E-02  2.963867E+00 -1.904953E-01  7.746068E-01 -6.383149E-02  2.502178E-01  5.287626E-02  2.436795E-01 -7.526868E-03  2.618938E-01 -2.208540E-02  7.840274E-02  1.651450E-02  7.633193E-02 -2.404969E-03
  4.675952E-02  2.992476E+00 -1.921457E-01  7.727348E-01 -6.483241E-02  2.709318E-01  5.412205E-02  2.641202E-01 -8.137055E-03  2.609255E-01 -2.244142E-02  8.485815E-02  1.689053E-02  8.270135E-02 -2.602009E-03
  4.915693E-02  3.015301E+00 -1.934159E-01  7.680105E-01 -6.573082E-02  2.930977E-01  5.532447E-02  2.860084E-01 -8.787663E-03  2.589469E-01 -2.276200E-02  9.175849E-02  1.725085E-02  8.951463E-02 -2.812401E-03
  5.167727E-02  3.031904E+00 -1.942787E-01  7.601913E-01 -6.651513E-02  3.167784E-01  5.647569E-02  3.094084E-01 -9.480097E-03  2.558721E-01 -2.304293E-02  9.912140E-02  1.759275E-02  9.678977E-02 -3.036658E-03
  5.432682E-02  3.041864E+00 -1.947082E-01  7.490318E-01 -6.717349E-02  3.420340E-01  5.756745E-02  3.343812E-01 -1.021562E-02  2.516145E-01 -2.327989E-02  1.069631E-01  1.791337E-02  1.045434E-01 -3.275248E-03
  5.711223E-02  3.044780E+00 -1.946801E-01  7.342867E-01 -6.769386E-02  3.689200E-01  5.859117E-02  3.609837E-01 -1.099532E-02  2.460874E-01 -2.346846E-02  1.152981E-01  1.820970E-02  1.127905E-01 -3.528591E-03
  6.004044E-02  3.040283E+00 -1.941722E-01  7.157135E-01 -6.806417E-02  3.974867E-01  5.953794E-02  3.892676E-01 -1.182005E-02  2.392053E-01 -2.360412E-02  1.241385E-01  1.847862E-02  1.215437E-01 -3.797043E-03
  6.311878E-02  3.028042E+00 -1.931649E-01  6.930754E-01 -6.827236E-02  4.277772E-01  6.039862E-02  4.192774E-01 -1.269042E-02  2.308849E-01 -2.368238E-02  1.334936E-01  1.871689E-02  1.308129E-01 -4.080880E-03
  6.635496E-02  3.007771E+00 -1.916419E-01  6.661454E-01 -6.830660E-02  4.598259E-01  6.116386E-02  4.510495E-01 -1.360672E-02  2.210468E-01 -2.369871E-02  1.433692E-01  1.892118E-02  1.406047E-01 -4.380288E-03
  6.975705E-02  2.979238E+00 -1.895901E-01  6.347099E-01 -6.815540E-02  4.936573E-01  6.182421E-02  4.846103E-01 -1.456891E-02  2.096167E-01 -2.364868E-02  1.537672E-01  1.908810E-02  1.509216E-01 -4.695342E-03
  7.333358E-02  2.942271E+00 -1.870009E-01  5.985733E-01 -6.780778E-02  5.292833E-01  6.237018E-02  5.199740E-01 -1.557651E-02  1.965270E-01 -2.352799E-02  1.646846E-01  1.921420E-02  1.617614E-01 -5.025992E-03
  7.709348E-02  2.896772E+00 -1.838702E-01  5.575628E-01 -6.725349E-02  5.667022E-01  6.279234E-02  5.571411E-01 -1.662861E-02  1.817193E-01 -2.333251E-02  1.761128E-01  1.929605E-02  1.731165E-01 -5.372044E-03
  8.104615E-02  2.842717E+00 -1.801989E-01  5.115336E-01 -6.648319E-02  6.058959E-01  6.308146E-02  5.960960E-01 -1.772376E-02  1.651459E-01 -2.305838E-02  1.880368E-01  1.933020E-02  1.849730E-01 -5.733140E-03
  8.520148E-02  2.780170E+00 -1.759935E-01  4.603744E-01 -6.548866E-02  6.468279E-01  6.322860E-02  6.368053E-01 -1.885996E-02  1.467723E-01 -2.270208E-02  2.004344E-01  1.931330E-02  1.973097E-01 -6.108741E-03
  8.956986E-02  2.709284E+00 -1.712663E-01  4.040132E-01 -6.426303E-02  6.894416E-01  6.322524E-02  6.792149E-01 -2.003459E-02  1.265793E-01 -2.226048E-02  2.132754E-01  1.924210E-02  2.100975E-01 -6.498104E-03
  9.416221E-02  2.630310E+00 -1.660358E-01  3.424232E-01 -6.280103E-02  7.336571E-01  6.306343E-02  7.232482E-01 -2.124435E-02  1.045659E-01 -2.173099E-02  2.265203E-01  1.911347E-02  2.232983E-01 -6.900264E-03
  9.899002E-02  2.543599E+00 -1.603268E-01  2.756290E-01 -6.109918E-02  7.793699E-01  6.273597E-02  7.688038E-01 -2.248520E-02  8.075138E-02 -2.111158E-02  2.401197E-01  1.892453E-02  2.368639E-01 -7.314016E-03
  1.040654E-01  2.449603E+00 -1.541704E-01  2.037125E-01 -5.915609E-02  8.264481E-01  6.223652E-02  8.157534E-01 -2.375237E-02  5.517847E-02 -2.040089E-02  2.540131E-01  1.867262E-02  2.507353E-01 -7.737895E-03
  1.094009E-01  2.348877E+00 -1.476042E-01  1.268188E-01 -5.697263E-02  8.747308E-01  6.155978E-02  8.639392E-01 -2.504024E-02  2.791555E-02 -1.959835E-02  2.681282E-01  1.835543E-02  2.648415E-01 -8.170159E-03
  1.150100E-01  2.242074E+00 -1.406719E-01  4.516183E-02 -5.455218E-02  9.240261E-01  6.070166E-02  9.131729E-01 -2.634239E-02 -9.404922E-04 -1.870423E-02  2.823798E-01  1.797100E-02  2.790990E-01 -8.608775E-03
  1.209067E-01  2.129945E+00 -1.334227E-01 -4.097065E-02 -5.190079E-02  9.741093E-01  5.965947E-02  9.632334E-01 -2.765154E-02 -3.126189E-02 -1.771976E-02  2.966691E-01  1.751784E-02  2.934105E-01 -9.051407E-03
  1.271057E-01  2.013326E+00 -1.259115E-01 -1.312128E-01 -4.902742E-02  1.024722E+00  5.843203E-02  1.013866E+00 -2.895956E-02 -6.288766E-02 -1.664718E-02  3.108829E-01  1.699492E-02  3.076645E-01 -9.495408E-03
  1.336226E-01  1.893133E+00 -1.181974E-01 -2.251171E-01 -4.594400E-02  1.075572E+00  5.701984E-02  1.064780E+00 -3.025747E-02 -9.562153E-02 -1.548983E-02  3.248932E-01  1.640181E-02  3.217344E-01 -9.937814E-03
  1.404736E-01  1.770346E+00 -1.103435E-01 -3.221524E-01 -4.266559E-02  1.126331E+00  5.542525E-02  1.115653E+00 -3.153547E-02 -1.292303E-01 -1.425221E-02  3.385565E-01  1.573869E-02  3.354785E-01 -1.037535E-02
  1.476758E-01  1.645994E+00 -1.024153E-01 -4.217027E-01 -3.921038E-02  1.176638E+00  5.365255E-02  1.166125E+00 -3.278301E-02 -1.634428E-01 -1.294002E-02  3.517138E-01  1.500641E-02  3.487391E-01 -1.080442E-02
  1.552473E-01  1.521140E+00 -9.448008E-02 -5.230682E-01 -3.559970E-02  1.226097E+00  5.170806E-02  1.215803E+00 -3.398883E-02 -1.979489E-01 -1.156020E-02  3.641905E-01  1.420657E-02  3.613432E-01 -1.122115E-02
  1.632070E-01  1.396860E+00 -8.660544E-02 -6.254678E-01 -3.185798E-02  1.274283E+00  4.960024E-02  1.264264E+00 -3.514109E-02 -2.323998E-01 -1.012096E-02  3.757968E-01  1.334153E-02  3.731025E-01 -1.162139E-02
  1.715748E-01  1.274221E+00 -7.885796E-02 -7.280440E-01 -2.801253E-02  1.320741E+00  4.733970E-02  1.311055E+00 -3.622743E-02 -2.664090E-01 -8.631707E-03  3.863287E-01  1.241446E-02  3.838140E-01 -1.200072E-02
  1.803717E-01  1.154261E+00 -7.130182E-02 -8.298697E-01 -2.409338E-02  1.364992E+00  4.493921E-02  1.355699E+00 -3.723519E-02 -2.995536E-01 -7.103094E-03  3.955683E-01  1.142940E-02  3.932610E-01 -1.235454E-02
  1.896195E-01  1.037964E+00 -6.399750E-02 -9.299574E-01 -2.013295E-02  1.406539E+00  4.241366E-02  1.397698E+00 -3.815152E-02 -3.313776E-01 -5.546893E-03  4.032861E-01  1.039120E-02  4.012147E-01 -1.267806E-02
  1.993415E-01  9.262437E-01 -5.700045E-02 -1.027272E+00 -1.616567E-02  1.444871E+00  3.977996E-02  1.436540E+00 -3.896361E-02 -3.613950E-01 -3.975930E-03  4.092424E-01  9.305578E-03  4.074361E-01 -1.296642E-02
  2.095620E-01  8.199172E-01 -5.035984E-02 -1.120743E+00 -1.222753E-02  1.479470E+00  3.705692E-02  1.471706E+00 -3.965888E-02 -3.890958E-01 -2.403960E-03  4.131900E-01  8.179097E-03  4.116783E-01 -1.321466E-02
  2.203065E-01  7.196911E-01 -4.411754E-02 -1.209284E+00 -8.355532E-03  1.509821E+00  3.426505E-02  1.502681E+00 -4.022525E-02 -4.139511E-01 -8.455088E-04  4.148772E-01  7.019113E-03  4.136894E-01 -1.341790E-02
  2.316018E-01  6.261450E-01 -3.830723E-02 -1.291809E+00 -4.587051E-03  1.535420E+00  3.142633E-02  1.528955E+00 -4.065135E-02 -4.354214E-01  6.843081E-04  4.140511E-01  5.833739E-03  4.132161E-01 -1.357135E-02
  2.434763E-01  5.397205E-01 -3.295385E-02 -1.367258E+00 -9.592022E-04  1.555785E+00  2.856391E-02  1.550042E+00 -4.092684E-02 -4.529647E-01  2.170001E-03  4.104616E-01  4.631770E-03  4.100074E-01 -1.367041E-02
  2.559596E-01  4.607140E-01 -2.807316E-02 -1.434612E+00  2.491899E-03  1.570463E+00  2.570179E-02  1.565486E+00 -4.104262E-02 -4.660466E-01  3.595947E-03  4.038660E-01  3.422598E-03  4.038193E-01 -1.371077E-02
  2.690830E-01  3.892746E-01 -2.367176E-02 -1.492924E+00  5.731882E-03  1.579048E+00  2.286441E-02  1.574873E+00 -4.099118E-02 -4.741513E-01  4.946655E-03  3.940342E-01  2.216103E-03  3.944196E-01 -1.368854E-02
  2.828791E-01  3.254067E-01 -1.974733E-02 -1.541340E+00  8.728886E-03  1.581186E+00  2.007626E-02  1.577842E+00 -4.076677E-02 -4.767930E-01  6.207052E-03  3.807534E-01  1.022532E-03  3.815934E-01 -1.360028E-02
  2.973827E-01  2.689774E-01 -1.628914E-02 -1.579122E+00  1.145430E-02  1.576591E+00  1.736143E-02  1.574098E+00 -4.036572E-02 -4.735290E-01  7.362780E-03  3.638345E-01 -1.476504E-04  3.651485E-01 -1.344318E-02
  3.126298E-01  2.197280E-01 -1.327892E-02 -1.605676E+00  1.388349E-02  1.565052E+00  1.474313E-02  1.563423E+00 -3.978660E-02 -4.639721E-01  8.400500E-03  3.431178E-01 -1.283910E-03  3.449216E-01 -1.321510E-02
  3.286587E-01  1.772906E-01 -1.069185E-02 -1.620565E+00  1.599642E-02  1.546446E+00  1.224326E-02  1.545682E+00 -3.903042E-02 -4.478044E-01  9.308198E-03  3.184790E-01 -2.375815E-03  3.207843E-01 -1.291469E-02
  3.455094E-01  1.412062E-01 -8.497806E-03 -1.623535E+00  1.777827E-02  1.520746E+00  9.881924E-03  1.520838E+00 -3.810078E-02 -4.247899E-01  1.007548E-02  2.898352E-01 -3.413213E-03  2.926493E-01 -1.254147E-02
  3.632240E-01  1.109468E-01 -6.662700E-03 -1.614527E+00  1.921980E-02  1.488027E+00  7.676998E-03  1.488955E+00 -3.700390E-02 -3.947872E-01  1.069384E-02  2.571512E-01 -4.386412E-03  2.604759E-01 -1.209589E-02
  3.818469E-01  8.593687E-02 -5.149855E-03 -1.593686E+00  2.031776E-02  1.448472E+00  5.643755E-03  1.450207E+00 -3.574869E-02 -3.577605E-01  1.115693E-02  2.204442E-01 -5.286362E-03  2.242760E-01 -1.157943E-02
  4.014247E-01  6.557593E-02 -3.921377E-03 -1.561367E+00  2.107497E-02  1.402377E+00  3.794510E-03  1.404876E+00 -3.434662E-02 -3.137902E-01  1.146073E-02  1.797897E-01 -6.104833E-03  1.841187E-01 -1.099457E-02
  4.220061E-01  4.925962E-02 -2.939431E-03 -1.518135E+00  2.150033E-02  1.350145E+00  2.138354E-03  1.353357E+00 -3.281169E-02 -2.630806E-01  1.160376E-02  1.353249E-01 -6.834588E-03  1.401351E-01 -1.034487E-02
  4.436429E-01  3.639861E-02 -2.167382E-03 -1.464758E+00  2.160865E-02  1.292288E+00  6.809569E-04  1.296150E+00 -3.116011E-02 -2.059657E-01  1.158717E-02  8.725244E-02 -7.469534E-03  9.252105E-02 -9.634963E-03
  4.663889E-01  2.643470E-02 -1.570742E-03 -1.402189E+00  2.142025E-02  1.229417E+00 -5.755339E-04  1.233860E+00 -2.941014E-02 -1.429120E-01  1.141477E-02  3.584250E-02 -8.004859E-03  4.153987E-02 -8.870485E-03
  4.903012E-01  1.885346E-02 -1.117902E-03 -1.331551E+00  2.096040E-02  1.162237E+00 -1.632497E-03  1.167180E+00 -2.758166E-02 -7.451853E-02  1.109306E-02 -1.856664E-02 -8.437147E-03 -1.247696E-02 -8.058065E-03
  5.154395E-01  1.319311E-02 -7.806305E-04 -1.254110E+00  2.025866E-02  1.091526E+00 -2.494741E-03  1.096887E+00 -2.569579E-02 -1.513159E-03  1.063111E-02 -7.556906E-02 -8.764464E-03 -6.913024E-02 -7.205230E-03
  5.418667E-01  9.049738E-03 -5.343479E-04 -1.171240E+00  1.934796E-02  1.018128E+00 -3.170311E-03  1.023817E+00 -2.377446E-02  7.525489E-02  1.004043E-02 -1.346935E-01 -8.986410E-03 -1.279552E-01 -6.320306E-03
  5.696488E-01  6.078968E-03 -3.581896E-04 -1.084389E+00  1.826370E-02  9.429285E-01 -3.670192E-03  9.488540E-01 -2.183987E-02  1.548260E-01  9.334727E-03 -1.954074E-01 -9.104143E-03 -1.884255E-01 -5.412288E-03
  5.988553E-01  3.994657E-03 -2.348897E-04 -9.950417E-01  1.704266E-02  8.668370E-01 -4.007934E-03  8.729066E-01 -1.991401E-02  2.361449E-01  8.529652E-03 -2.571226E-01 -9.120361E-03 -2.499582E-01 -4.490694E-03
  6.295592E-01  2.565152E-03 -1.505241E-04 -9.046749E-01  1.572199E-02  7.907636E-01 -4.199194E-03  7.968865E-01 -1.801813E-02  3.180795E-01  7.642430E-03 -3.192026E-01 -9.039256E-03 -3.119219E-01 -3.565399E-03
  6.618374E-01  1.607810E-03 -9.415514E-05 -8.147197E-01  1.433812E-02  7.155973E-01 -4.261228E-03  7.216862E-01 -1.617225E-02  3.994421E-01  6.691489E-03 -3.809720E-01 -8.866427E-03 -3.736451E-01 -2.646449E-03
  6.957706E-01  9.824784E-04 -5.741929E-05 -7.265206E-01  1.292572E-02  6.421840E-01 -4.212345E-03  6.481569E-01 -1.439467E-02  4.790143E-01  5.696021E-03 -4.417271E-01 -8.608761E-03 -4.344270E-01 -1.743873E-03
  7.314435E-01  5.845616E-04 -3.409577E-05 -6.413011E-01  1.151689E-02  5.713050E-01 -4.071340E-03  5.770875E-01 -1.270158E-02  5.555737E-01  4.675539E-03 -5.007478E-01 -8.274280E-03 -4.935495E-01 -8.674894E-04
  7.689454E-01  3.382055E-04 -1.968779E-05 -5.601323E-01  1.014027E-02  5.036587E-01 -3.856942E-03  5.091850E-01 -1.110672E-02  6.279224E-01  3.649410E-03 -5.573111E-01 -7.871974E-03 -5.502899E-01 -2.670365E-05
  8.083701E-01  1.900067E-04 -1.103933E-05 -4.839094E-01  8.820522E-03  4.398439E-01 -3.587287E-03  4.450584E-01 -9.621121E-03  6.949161E-01  2.636401E-03 -6.107051E-01 -7.411590E-03 -6.039358E-01  7.696753E-04
  8.498161E-01  1.035043E-04 -6.002085E-06 -4.133348E-01  7.577861E-03  3.803478E-01 -3.279447E-03  3.852059E-01 -8.252943E-03  7.554932E-01  1.654234E-03 -6.602434E-01 -6.903429E-03 -6.537987E-01  1.513614E-03
  8.933871E-01  5.458580E-05 -3.159414E-06 -3.489096E-01  6.427851E-03  3.255374E-01 -2.949019E-03  3.300059E-01 -7.007427E-03  8.087021E-01  7.191873E-04 -7.052802E-01 -6.358114E-03 -6.992294E-01  2.198016E-03
  9.391921E-01  2.782460E-05 -1.607506E-06 -2.909339E-01  5.381378E-03  2.756556E-01 -2.609813E-03  2.797131E-01 -5.886929E-03  8.537277E-01 -1.542669E-04 -7.452247E-01 -5.786362E-03 -7.396319E-01  2.816856E-03
  9.873455E-01  1.368565E-05 -7.892245E-07 -2.395144E-01  4.444826E-03  2.308222E-01 -2.273621E-03  2.344585E-01 -4.891070E-03  8.899133E-01 -9.537618E-04 -7.795546E-01 -5.198765E-03 -7.744779E-01  3.365295E-03
  1.037968E+00  6.483503E-06 -3.732253E-07 -1.945797E-01  3.620407E-03  1.910388E-01 -1.950092E-03  1.942542E-01 -4.016966E-03  9.167795E-01 -1.669268E-03 -8.078289E-01 -4.605563E-03 -8.033191E-01  3.839762E-03
  1.091186E+00  2.952846E-06 -1.696853E-07 -1.559021E-01  2.906651E-03  1.561983E-01 -1.646702E-03  1.590030E-01 -3.259527E-03  9.340384E-01 -2.293249E-03 -8.296994E-01 -4.016451E-03 -8.257984E-01  4.238003E-03
  1.147132E+00  1.290311E-06 -7.402115E-08 -1.231236E-01  2.298981E-03  1.260979E-01 -1.368815E-03  1.285101E-01 -2.611831E-03  9.416016E-01 -2.820744E-03 -8.449195E-01 -3.440398E-03 -8.416598E-01  4.559098E-03
  1.205947E+00  5.398320E-07 -3.091683E-08 -9.578484E-02  1.790368E-03  1.004547E-01 -1.119826E-03  1.024995E-01 -2.065517E-03  9.395832E-01 -3.249361E-03 -8.533512E-01 -2.885488E-03 -8.507550E-01  4.803449E-03
  1.267777E+00  2.157606E-07 -1.233673E-08 -7.335597E-02  1.371996E-03  7.892308E-02 -9.013704E-04  8.063078E-02 -1.611210E-03  9.282963E-01 -3.579202E-03 -8.549700E-01 -2.358795E-03 -8.530485E-01  4.972725E-03
  1.332777E+00  8.219000E-08 -4.691980E-09 -5.526599E-02  1.033924E-03  6.111343E-02 -7.135782E-04  6.251770E-02 -1.238934E-03  9.082433E-01 -3.812708E-03 -8.498661E-01 -1.866289E-03 -8.486195E-01  5.069790E-03
  1.401110E+00  2.976627E-08 -1.696635E-09 -4.093061E-02  7.656896E-04  4.661018E-02 -5.553598E-04  4.774660E-02 -9.385001E-04  8.801006E-01 -3.954445E-03 -8.382438E-01 -1.412772E-03 -8.376609E-01  5.098594E-03
  1.472946E+00  1.022232E-08 -5.817791E-10 -2.977643E-02  5.568372E-04  3.498920E-02 -4.247009E-04  3.589368E-02 -6.998638E-04  8.446976E-01 -4.010828E-03 -8.204169E-01 -1.001852E-03 -8.204758E-01  5.064043E-03
  1.548466E+00  3.319587E-09 -1.886495E-10 -2.126078E-02  3.973549E-04  2.583316E-02 -3.189498E-04  2.654071E-02 -5.134191E-04  8.029911E-01 -3.989810E-03 -7.968025E-01 -6.359413E-04 -7.974704E-01  4.971854E-03
  1.627858E+00  0.000000E+00  0.000000E+00 -1.488662E-02  2.780009E-04  1.874458E-02 -2.350827E-04  1.928821E-02 -3.702362E-04  7.560360E-01 -3.900533E-03 -7.679106E-01 -3.162965E-04 -7.691454E-01  4.828388E-03
  1.711320E+00  0.000000E+00  0.000000E+00 -1.021249E-02  1.905250E-04  1.335595E-02 -1.699344E-04  1.376589E-02 -2.622315E-04  7.049527E-01 -3.752967E-03 -7.343325E-01 -4.307616E-05 -7.360835E-01  4.640481E-03
  1.799061E+00  0.000000E+00  0.000000E+00 -6.857593E-03  1.277891E-04  9.336878E-03 -1.203877E-04  9.640022E-03 -1.822728E-04  6.508937E-01 -3.557549E-03 -6.967267E-01  1.845693E-04 -6.989357E-01  4.415265E-03
  1.891301E+00  0.000000E+00  0.000000E+00 -4.502774E-03  8.380035E-05  6.398289E-03 -8.351700E-05  6.617938E-03 -1.242228E-04  5.950095E-01 -3.324823E-03 -6.558024E-01  3.683900E-04 -6.584052E-01  4.159997E-03
  1.988270E+00  0.000000E+00  0.000000E+00 -2.887998E-03  5.367319E-05  4.293855E-03 -5.668735E-05  4.449653E-03 -8.293034E-05  5.384154E-01 -3.065115E-03 -6.123022E-01  5.109118E-04 -6.152306E-01  3.881888E-03
  2.090211E+00  0.000000E+00  0.000000E+00 -1.807326E-03  3.353914E-05  2.819135E-03 -3.761107E-05  2.927211E-03 -5.417836E-05  4.821615E-01 -2.788238E-03 -5.669844E-01  6.152995E-04 -5.701676E-01  3.587944E-03
  2.197378E+00  0.000000E+00  0.000000E+00 -1.102268E-03  2.042327E-05  1.808881E-03 -2.436891E-05  1.882128E-03 -3.460052E-05  4.272052E-01 -2.503235E-03 -5.206046E-01  6.852133E-04 -5.239710E-01  3.284828E-03
  2.310040E+00  0.000000E+00  0.000000E+00 -6.543489E-04  1.210445E-05  1.133039E-03 -1.540252E-05  1.181487E-03 -2.157759E-05  3.743888E-01 -2.218182E-03 -4.738973E-01  7.246620E-04 -4.773765E-01  2.978726E-03
  2.428478E+00  0.000000E+00  0.000000E+00 -3.776022E-04  6.973473E-06  6.920074E-04 -9.486348E-06  7.232456E-04 -1.312441E-05  3.244225E-01 -1.940038E-03 -4.275597E-01  7.378603E-04 -4.310838E-01  2.675249E-03
  2.552989E+00  0.000000E+00  0.000000E+00 -2.115256E-04  3.899808E-06  4.115945E-04 -5.686480E-06  4.312055E-04 -7.776407E-06  2.778728E-01 -1.674550E-03 -3.822355E-01  7.290905E-04 -3.857410E-01  2.379351E-03
  2.683884E+00  0.000000E+00  0.000000E+00 -1.148585E-04  2.113979E-06  2.380975E-04 -3.313448E-06  2.500693E-04 -4.482670E-06  2.351575E-01 -1.426221E-03 -3.385018E-01  7.025768E-04 -3.419310E-01  2.095264E-03
  2.821489E+00  0.000000E+00  0.000000E+00 -6.036267E-05  1.109073E-06  1.337734E-04 -1.874267E-06  1.408705E-04 -2.510495E-06  1.965468E-01 -1.198322E-03 -2.968583E-01  6.623716E-04 -3.001603E-01  1.826470E-03
  2.966150E+00  0.000000E+00  0.000000E+00 -3.065331E-05  5.622416E-07  7.289295E-05 -1.027747E-06  7.697281E-05 -1.364020E-06  1.621693E-01 -9.929535E-04 -2.577187E-01  6.122594E-04 -2.608505E-01  1.575687E-03
  3.118228E+00  0.000000E+00  0.000000E+00 -1.501585E-05  2.749497E-07  3.846271E-05 -5.455038E-07  4.073359E-05 -7.178953E-07  1.320240E-01 -8.111446E-04 -2.214061E-01  5.556792E-04 -2.243328E-01  1.344882E-03
  3.278103E+00  0.000000E+00  0.000000E+00 -7.082816E-06  1.294714E-07  1.962161E-05 -2.798226E-07  2.084354E-05 -3.654142E-07  1.059958E-01 -6.529851E-04 -1.881504E-01  4.956658E-04 -1.908461E-01  1.135302E-03
  3.446175E+00  0.000000E+00  0.000000E+00 -3.210871E-06  5.859558E-08  9.661284E-06 -1.384903E-07  1.029583E-05 -1.795812E-07  8.387446E-02 -5.177762E-04 -1.580903E-01  4.348124E-04 -1.605375E-01  9.475259E-04
  3.622864E+00  0.000000E+00  0.000000E+00 -1.396153E-06  2.543669E-08  4.583164E-06 -6.601521E-08  4.900624E-06 -8.505802E-08  6.537523E-02 -4.041946E-04 -1.312769E-01  3.752522E-04 -1.334665E-01  7.815311E-04
  3.808612E+00  0.000000E+00  0.000000E+00 -5.810593E-07  1.056932E-08  2.090786E-06 -3.025181E-08  2.243510E-06 -3.875558E-08  5.016009E-02 -3.104569E-04 -1.076810E-01  3.186594E-04 -1.096116E-01  6.367701E-04
  4.003884E+00  0.000000E+00  0.000000E+00 -2.309498E-07  4.194290E-09  9.153901E-07 -1.330117E-08  9.859022E-07 -1.695349E-08  3.785873E-02 -2.344795E-04 -8.720221E-02  2.662667E-04 -8.887928E-02  5.122584E-04
  4.209167E+00  0.000000E+00  0.000000E+00 -8.745832E-08  1.585889E-09  3.838367E-07 -5.599633E-09  4.150155E-07 -7.105329E-09  2.808784E-02 -1.740240E-04 -6.968000E-02  2.188976E-04 -7.111484E-02  4.066650E-04
  4.424976E+00  0.000000E+00  0.000000E+00 -3.147659E-08  5.699117E-10  1.538052E-07 -2.252214E-09  1.669799E-07 -2.846771E-09  2.046812E-02 -1.268233E-04 -5.490604E-02  1.770100E-04 -5.611461E-02  3.184046E-04
  4.651849E+00  0.000000E+00  0.000000E+00 -1.073811E-08  1.941397E-10  5.875786E-08 -8.634428E-10  6.406553E-08 -1.087811E-09  1.463815E-02 -9.068494E-05 -4.263692E-02  1.407485E-04 -4.363868E-02  2.457264E-04
  4.890355E+00  0.000000E+00  0.000000E+00 -3.462580E-09  6.251322E-11  2.134804E-08 -3.147494E-10  2.338172E-08 -3.954730E-10  1.026511E-02 -6.357048E-05 -3.260698E-02  1.100010E-04 -3.342367E-02  1.867973E-04
  5.141089E+00  0.000000E+00  0.000000E+00  0.000000E+00  0.000000E+00  7.357148E-09 -1.088109E-10  8.096331E-09 -1.364297E-10  7.051938E-03 -4.364884E-05 -2.454042E-02  8.445795E-05 -2.519488E-02  1.397762E-04
  5.404678E+00  0.000000E+00  0.000000E+00  0.000000E+00  0.000000E+00  2.398346E-09 -3.557569E-11  2.652510E-09 -4.453739E-11  4.741276E-03 -2.932745E-05 -1.816222E-02  6.366873E-05 -1.867742E-02  1.028765E-04
  5.681782E+00  0.000000E+00  0.000000E+00  0.000000E+00  0.000000E+00  0.000000E+00  0.000000E+00  0.000000E+00  0.000000E+00  3.116551E-03 -1.926291E-05 -1.320750E-02  4.709490E-05 -1.360564E-02  7.441778E-05
  5.973093E+00  0.000000E+00  0.000000E+00  0.000000E+00  0.000000E+00  0.000000E+00  0.000000E+00  0.000000E+00  0.000000E+00  2.000646E-03 -1.235521E-05 -9.429023E-03  3.415655E-05 -9.730825E-03  5.286276E-05
  6.279340E+00  0.000000E+00  0.000000E+00  0.000000E+00  0.000000E+00  0.000000E+00  0.000000E+00  0.000000E+00  0.000000E+00  1.252800E-03 -7.729746E-06 -6.602599E-03  2.427101E-05 -6.826823E-03  3.684249E-05
  6.601288E+00  0.000000E+00  0.000000E+00  0.000000E+00  0.000000E+00  0.000000E+00  0.000000E+00  0.000000E+00  0.000000E+00  7.643262E-04 -4.711347E-06 -4.530556E-03  1.688293E-05 -4.693685E-03  2.516891E-05
  6.939744E+00  0.000000E+00  0.000000E+00  0.000000E+00  0.000000E+00  0.000000E+00  0.000000E+00  0.000000E+00  0.000000E+00  4.537355E-04 -2.794068E-06 -3.043261E-03  1.148570E-05 -3.159370E-03  1.683692E-05
  7.295552E+00  0.000000E+00  0.000000E+00  0.000000E+00  0.000000E+00  0.000000E+00  0.000000E+00  0.000000E+00  0.000000E+00  2.617365E-04 -1.610114E-06 -1.999018E-03  7.634699E-06 -2.079789E-03  1.101756E-05
  7.669603E+00  0.000000E+00  0.000000E+00  0.000000E+00  0.000000E+00  0.000000E+00  0.000000E+00  0.000000E+00  0.000000E+00  1.465015E-04 -9.003006E-07 -1.282619E-03  4.953314E-06 -1.337475E-03  7.044483E-06
  8.062832E+00  0.000000E+00  0.000000E+00  0.000000E+00  0.000000E+00  0.000000E+00  0.000000E+00  0.000000E+00  0.000000E+00  7.944765E-05 -4.877286E-07 -8.029146E-04  3.133175E-06 -8.392464E-04  4.395848E-06
  8.476222E+00  0.000000E+00  0.000000E+00  0.000000E+00  0.000000E+00  0.000000E+00  0.000000E+00  0.000000E+00  0.000000E+00  4.167648E-05 -2.555887E-07 -4.897686E-04  1.929935E-06 -5.132068E-04  2.673790E-06
  8.910807E+00  0.000000E+00  0.000000E+00  0.000000E+00  0.000000E+00  0.000000E+00  0.000000E+00  0.000000E+00  0.000000E+00  2.111274E-05 -1.293460E-07 -2.907320E-04  1.156172E-06 -3.054410E-04  1.583197E-06
  9.367674E+00  0.000000E+00  0.000000E+00  0.000000E+00  0.000000E+00  0.000000E+00  0.000000E+00  0.000000E+00  0.000000E+00  1.031040E-05 -6.310269E-08 -1.677163E-04  6.727357E-07 -1.766840E-04  9.113115E-07
  9.847965E+00  0.000000E+00  0.000000E+00  0.000000E+00  0.000000E+00  0.000000E+00  0.000000E+00  0.000000E+00  0.000000E+00  4.844796E-06 -2.962241E-08 -9.388718E-05  3.796597E-07 -9.919109E-05  5.092045E-07
  1.035288E+01  0.000000E+00  0.000000E+00  0.000000E+00  0.000000E+00  0.000000E+00  0.000000E+00  0.000000E+00  0.000000E+00  2.186217E-06 -1.335428E-08 -5.092378E-05  2.075026E-07 -5.396244E-05  2.757699E-07
  1.088368E+01  0.000000E+00  0.000000E+00  0.000000E+00  0.000000E+00  0.000000E+00  0.000000E+00  0.000000E+00  0.000000E+00  9.454339E-07 -5.769673E-09 -2.671886E-05  1.096593E-07 -2.840250E-05  1.445210E-07
  1.144170E+01  0.000000E+00  0.000000E+00  0.000000E+00  0.000000E+00  0.000000E+00  0.000000E+00  0.000000E+00  0.000000E+00  3.909683E-07 -2.383779E-09 -1.353818E-05  5.594176E-08 -1.443887E-05  7.316583E-08
  1.202833E+01  0.000000E+00  0.000000E+00  0.000000E+00  0.000000E+00  0.000000E+00  0.000000E+00  0.000000E+00  0.000000E+00  1.542495E-07 -9.396478E-10 -6.612592E-06  2.749989E-08 -7.076985E-06  3.571931E-08
  1.264504E+01  0.000000E+00  0.000000E+00  0.000000E+00  0.000000E+00  0.000000E+00  0.000000E+00  0.000000E+00  0.000000E+00  5.791892E-08 -3.525259E-10 -3.107664E-06  1.300239E-08 -3.338011E-06  1.678412E-08
  1.329336E+01  0.000000E+00  0.000000E+00  0.000000E+00  0.000000E+00  0.000000E+00  0.000000E+00  0.000000E+00  0.000000E+00  2.064483E-08 -1.255522E-10 -1.402445E-06  5.901482E-09 -1.512147E-06  7.575908E-09
  1.397493E+01  0.000000E+00  0.000000E+00  0.000000E+00  0.000000E+00  0.000000E+00  0.000000E+00  0.000000E+00  0.000000E+00  6.966398E-09 -4.233276E-11 -6.064842E-07  2.565938E-09 -6.565425E-07  3.277969E-09
  1.469144E+01  0.000000E+00  0.000000E+00  0.000000E+00  0.000000E+00  0.000000E+00  0.000000E+00  0.000000E+00  0.000000E+00  2.218951E-09 -1.347362E-11 -2.507710E-07  1.066423E-09 -2.726097E-07  1.356604E-09
  1.544468E+01  0.000000E+00  0.000000E+00  0.000000E+00  0.000000E+00  0.000000E+00  0.000000E+00  0.000000E+00  0.000000E+00  0.000000E+00  0.000000E+00 -9.891199E-08  4.226762E-10 -1.079999E-07  5.357613E-10
  1.623655E+01  0.000000E+00  0.000000E+00  0.000000E+00  0.000000E+00  0.000000E+00  0.000000E+00  0.000000E+00  0.000000E+00  0.000000E+00  0.000000E+00 -3.712500E-08  1.593752E-10 -4.072361E-08  2.014158E-10
  1.706902E+01  0.000000E+00  0.000000E+00  0.000000E+00  0.000000E+00  0.000000E+00  0.000000E+00  0.000000E+00  0.000000E+00  0.000000E+00  0.000000E+00 -1.322512E-08  5.702226E-11 -1.457755E-08  7.189398E-11
  1.794416E+01  0.000000E+00  0.000000E+00  0.000000E+00  0.000000E+00  0.000000E+00  0.000000E+00  0.000000E+00  0.000000E+00  0.000000E+00  0.000000E+00 -4.459125E-09  1.930574E-11 -4.940214E-09  2.429812E-11
  1.886418E+01  0.000000E+00  0.000000E+00  0.000000E+00  0.000000E+00  0.000000E+00  0.000000E+00  0.000000E+00  0.000000E+00  0.000000E+00  0.000000E+00  0.000000E+00  0.000000E+00 -1.580380E-09  7.752889E-12
