        r(a.u)         P(1s)         Q(1s)
  0.000000E+00  0.000000E+00  0.000000E+00
  1.025422E-07  2.051721E-07 -7.486167E-10
  2.103418E-07  4.208556E-07 -1.535586E-09
  3.236685E-07  6.475940E-07 -2.362892E-09
  4.428055E-07  8.859552E-07 -3.232607E-09
  5.680508E-07  1.136536E-06 -4.146905E-09
  6.997176E-07  1.399962E-06 -5.108075E-09
  8.381351E-07  1.676892E-06 -6.118519E-09
  9.836494E-07  1.968020E-06 -7.180765E-09
  1.136624E-06  2.274074E-06 -8.297469E-09
  1.297443E-06  2.595817E-06 -9.471422E-09
  1.466506E-06  2.934055E-06 -1.070556E-08
  1.644238E-06  3.289634E-06 -1.200297E-08
  1.831082E-06  3.663443E-06 -1.336690E-08
  2.027505E-06  4.056416E-06 -1.480075E-08
  2.234000E-06  4.469536E-06 -1.630811E-08
  2.451082E-06  4.903836E-06 -1.789275E-08
  2.679294E-06  5.360401E-06 -1.955863E-08
  2.919206E-06  5.840374E-06 -2.130992E-08
  3.171419E-06  6.344954E-06 -2.315099E-08
  3.436564E-06  6.875403E-06 -2.508645E-08
  3.715302E-06  7.433047E-06 -2.712114E-08
  4.008332E-06  8.019281E-06 -2.926015E-08
  4.316386E-06  8.635570E-06 -3.150882E-08
  4.640234E-06  9.283455E-06 -3.387277E-08
  4.980686E-06  9.964556E-06 -3.635792E-08
  5.338593E-06  1.068058E-05 -3.897048E-08
  5.714851E-06  1.143331E-05 -4.171698E-08
  6.110400E-06  1.222463E-05 -4.460430E-08
  6.526229E-06  1.305652E-05 -4.763963E-08
  6.963378E-06  1.393106E-05 -5.083059E-08
  7.422940E-06  1.485043E-05 -5.418514E-08
  7.906065E-06  1.581694E-05 -5.771167E-08
  8.413960E-06  1.683301E-05 -6.141900E-08
  8.947895E-06  1.790116E-05 -6.531641E-08
  9.509205E-06  1.902408E-05 -6.941362E-08
  1.009929E-05  2.020456E-05 -7.372089E-08
  1.071964E-05  2.144557E-05 -7.824898E-08
  1.137179E-05  2.275020E-05 -8.300923E-08
  1.205738E-05  2.412172E-05 -8.801352E-08
  1.277811E-05  2.556355E-05 -9.327437E-08
  1.353580E-05  2.707930E-05 -9.880493E-08
  1.433234E-05  2.867277E-05 -1.046190E-07
  1.516972E-05  3.034792E-05 -1.107312E-07
  1.605003E-05  3.210896E-05 -1.171568E-07
  1.697547E-05  3.396028E-05 -1.239117E-07
  1.794836E-05  3.590651E-05 -1.310130E-07
  1.897114E-05  3.795252E-05 -1.384783E-07
  2.004635E-05  4.010343E-05 -1.463264E-07
  2.117669E-05  4.236461E-05 -1.545768E-07
  2.236499E-05  4.474171E-05 -1.632502E-07
  2.361421E-05  4.724067E-05 -1.723682E-07
  2.492748E-05  4.986775E-05 -1.819537E-07
  2.630808E-05  5.262952E-05 -1.920306E-07
  2.775946E-05  5.553287E-05 -2.026242E-07
  2.928526E-05  5.858506E-05 -2.137608E-07
  3.088929E-05  6.179373E-05 -2.254683E-07
  3.257556E-05  6.516689E-05 -2.377761E-07
  3.434829E-05  6.871299E-05 -2.507148E-07
  3.621191E-05  7.244087E-05 -2.643168E-07
  3.817107E-05  7.635987E-05 -2.786162E-07
  4.023069E-05  8.047978E-05 -2.936486E-07
  4.239590E-05  8.481090E-05 -3.094516E-07
  4.467213E-05  8.936405E-05 -3.260648E-07
  4.706506E-05  9.415061E-05 -3.435297E-07
  4.958068E-05  9.918256E-05 -3.618899E-07
  5.222528E-05  1.044725E-04 -3.811913E-07
  5.500547E-05  1.100336E-04 -4.014822E-07
  5.792820E-05  1.158797E-04 -4.228132E-07
  6.100078E-05  1.220256E-04 -4.452378E-07
  6.423090E-05  1.284865E-04 -4.688119E-07
  6.762663E-05  1.352786E-04 -4.935945E-07
  7.119647E-05  1.424189E-04 -5.196475E-07
  7.494933E-05  1.499253E-04 -5.470360E-07
  7.889461E-05  1.578164E-04 -5.758285E-07
  8.304216E-05  1.661120E-04 -6.060970E-07
  8.740237E-05  1.748329E-04 -6.379170E-07
  9.198613E-05  1.840008E-04 -6.713681E-07
  9.680490E-05  1.936386E-04 -7.065340E-07
  1.018707E-04  2.037705E-04 -7.435024E-07
  1.071963E-04  2.144217E-04 -7.823657E-07
  1.127949E-04  2.256189E-04 -8.232211E-07
  1.186806E-04  2.373900E-04 -8.661707E-07
  1.248680E-04  2.497645E-04 -9.113218E-07
  1.313727E-04  2.627732E-04 -9.587871E-07
  1.382108E-04  2.764487E-04 -1.008685E-06
  1.453996E-04  2.908252E-04 -1.061141E-06
  1.529569E-04  3.059385E-04 -1.116285E-06
  1.609017E-04  3.218264E-04 -1.174256E-06
  1.692539E-04  3.385286E-04 -1.235198E-06
  1.780343E-04  3.560868E-04 -1.299263E-06
  1.872648E-04  3.745449E-04 -1.366611E-06
  1.969686E-04  3.939490E-04 -1.437411E-06
  2.071700E-04  4.143475E-04 -1.511840E-06
  2.178943E-04  4.357913E-04 -1.590083E-06
  2.291686E-04  4.583341E-04 -1.672335E-06
  2.410208E-04  4.820321E-04 -1.758803E-06
  2.534808E-04  5.069445E-04 -1.849701E-06
  2.665796E-04  5.331335E-04 -1.945258E-06
  2.803499E-04  5.606645E-04 -2.045710E-06
  2.948263E-04  5.896061E-04 -2.151310E-06
  3.100449E-04  6.200307E-04 -2.262321E-06
  3.260438E-04  6.520141E-04 -2.379020E-06
  3.428630E-04  6.856362E-04 -2.501698E-06
  3.605445E-04  7.209808E-04 -2.630661E-06
  3.791325E-04  7.581362E-04 -2.766231E-06
  3.986736E-04  7.971951E-04 -2.908746E-06
  4.192166E-04  8.382549E-04 -3.058561E-06
  4.408128E-04  8.814180E-04 -3.216052E-06
  4.635163E-04  9.267920E-04 -3.381609E-06
  4.873839E-04  9.744901E-04 -3.555646E-06
  5.124751E-04  1.024631E-03 -3.738597E-06
  5.388528E-04  1.077340E-03 -3.930918E-06
  5.665829E-04  1.132749E-03 -4.133089E-06
  5.957348E-04  1.190995E-03 -4.345612E-06
  6.263813E-04  1.252223E-03 -4.569019E-06
  6.585991E-04  1.316587E-03 -4.803864E-06
  6.924688E-04  1.384246E-03 -5.050734E-06
  7.280749E-04  1.455369E-03 -5.310242E-06
  7.655067E-04  1.530133E-03 -5.583035E-06
  8.048576E-04  1.608724E-03 -5.869793E-06
  8.462261E-04  1.691338E-03 -6.171228E-06
  8.897155E-04  1.778180E-03 -6.488090E-06
  9.354348E-04  1.869466E-03 -6.821169E-06
  9.834981E-04  1.965424E-03 -7.171291E-06
  1.034026E-03  2.066291E-03 -7.539327E-06
  1.087144E-03  2.172319E-03 -7.926193E-06
  1.142985E-03  2.283770E-03 -8.332849E-06
  1.201690E-03  2.400922E-03 -8.760305E-06
  1.263405E-03  2.524066E-03 -9.209622E-06
  1.328283E-03  2.653507E-03 -9.681916E-06
  1.396488E-03  2.789566E-03 -1.017836E-05
  1.468190E-03  2.932581E-03 -1.070018E-05
  1.543569E-03  3.082905E-03 -1.124867E-05
  1.622812E-03  3.240913E-03 -1.182520E-05
  1.706118E-03  3.406995E-03 -1.243119E-05
  1.793695E-03  3.581561E-03 -1.306813E-05
  1.885762E-03  3.765045E-03 -1.373761E-05
  1.982549E-03  3.957899E-03 -1.444129E-05
  2.084299E-03  4.160601E-03 -1.518089E-05
  2.191266E-03  4.373650E-03 -1.595825E-05
  2.303717E-03  4.597574E-03 -1.677528E-05
  2.421934E-03  4.832923E-03 -1.763401E-05
  2.546212E-03  5.080279E-03 -1.853654E-05
  2.676862E-03  5.340250E-03 -1.948510E-05
  2.814210E-03  5.613477E-03 -2.048203E-05
  2.958600E-03  5.900631E-03 -2.152978E-05
  3.110393E-03  6.202417E-03 -2.263091E-05
  3.269969E-03  6.519577E-03 -2.378814E-05
  3.437726E-03  6.852889E-03 -2.500430E-05
  3.614085E-03  7.203168E-03 -2.628238E-05
  3.799485E-03  7.571273E-03 -2.762549E-05
  3.994392E-03  7.958103E-03 -2.903693E-05
  4.199291E-03  8.364602E-03 -3.052013E-05
  4.414696E-03  8.791763E-03 -3.207873E-05
  4.641145E-03  9.240626E-03 -3.371650E-05
  4.879204E-03  9.712282E-03 -3.543744E-05
  5.129469E-03  1.020788E-02 -3.724573E-05
  5.392565E-03  1.072861E-02 -3.914575E-05
  5.669150E-03  1.127575E-02 -4.114211E-05
  5.959916E-03  1.185061E-02 -4.323962E-05
  6.265590E-03  1.245459E-02 -4.544336E-05
  6.586936E-03  1.308913E-02 -4.775862E-05
  6.924758E-03  1.375576E-02 -5.019097E-05
  7.279901E-03  1.445608E-02 -5.274625E-05
  7.653252E-03  1.519177E-02 -5.543058E-05
  8.045745E-03  1.596458E-02 -5.825037E-05
  8.458361E-03  1.677636E-02 -6.121233E-05
  8.892133E-03  1.762903E-02 -6.432350E-05
  9.348145E-03  1.852462E-02 -6.759126E-05
  9.827538E-03  1.946525E-02 -7.102333E-05
  1.033151E-02  2.045312E-02 -7.462779E-05
  1.086132E-02  2.149055E-02 -7.841312E-05
  1.141829E-02  2.257999E-02 -8.238818E-05
  1.200382E-02  2.372397E-02 -8.656223E-05
  1.261938E-02  2.492514E-02 -9.094499E-05
  1.326649E-02  2.618630E-02 -9.554661E-05
  1.394678E-02  2.751035E-02 -1.003777E-04
  1.466195E-02  2.890032E-02 -1.054493E-04
  1.541378E-02  3.035940E-02 -1.107731E-04
  1.620417E-02  3.189090E-02 -1.163611E-04
  1.703508E-02  3.349829E-02 -1.222261E-04
  1.790859E-02  3.518519E-02 -1.283811E-04
  1.882688E-02  3.695538E-02 -1.348400E-04
  1.979226E-02  3.881278E-02 -1.416172E-04
  2.080713E-02  4.076152E-02 -1.487276E-04
  2.187404E-02  4.280585E-02 -1.561868E-04
  2.299565E-02  4.495025E-02 -1.640111E-04
  2.417476E-02  4.719935E-02 -1.722174E-04
  2.541433E-02  4.955798E-02 -1.808234E-04
  2.671745E-02  5.203116E-02 -1.898474E-04
  2.808739E-02  5.462409E-02 -1.993083E-04
  2.952756E-02  5.734221E-02 -2.092260E-04
  3.104158E-02  6.019113E-02 -2.196209E-04
  3.263321E-02  6.317667E-02 -2.305143E-04
  3.430646E-02  6.630489E-02 -2.419283E-04
  3.606549E-02  6.958201E-02 -2.538856E-04
  3.791471E-02  7.301451E-02 -2.664099E-04
  3.985874E-02  7.660907E-02 -2.795254E-04
  4.190244E-02  8.037256E-02 -2.932574E-04
  4.405093E-02  8.431210E-02 -3.076316E-04
  4.630957E-02  8.843498E-02 -3.226749E-04
  4.868402E-02  9.274872E-02 -3.384146E-04
  5.118020E-02  9.726103E-02 -3.548787E-04
  5.380437E-02  1.019798E-01 -3.720963E-04
  5.656308E-02  1.069131E-01 -3.900966E-04
  5.946324E-02  1.120692E-01 -4.089098E-04
  6.251209E-02  1.174565E-01 -4.285665E-04
  6.571725E-02  1.230835E-01 -4.490980E-04
  6.908675E-02  1.289589E-01 -4.705357E-04
  7.262901E-02  1.350914E-01 -4.929115E-04
  7.635288E-02  1.414898E-01 -5.162575E-04
  8.026767E-02  1.481630E-01 -5.406061E-04
  8.438319E-02  1.551198E-01 -5.659893E-04
  8.870971E-02  1.623689E-01 -5.924394E-04
  9.325806E-02  1.699191E-01 -6.199879E-04
  9.803960E-02  1.777789E-01 -6.486661E-04
  1.030663E-01  1.859566E-01 -6.785045E-04
  1.083507E-01  1.944604E-01 -7.095325E-04
  1.139061E-01  2.032980E-01 -7.417784E-04
  1.197463E-01  2.124766E-01 -7.752688E-04
  1.258859E-01  2.220032E-01 -8.100287E-04
  1.323403E-01  2.318839E-01 -8.460807E-04
  1.391257E-01  2.421243E-01 -8.834448E-04
  1.462589E-01  2.527288E-01 -9.221380E-04
  1.537578E-01  2.637014E-01 -9.621740E-04
  1.616413E-01  2.750446E-01 -1.003562E-03
  1.699289E-01  2.867598E-01 -1.046308E-03
  1.786414E-01  2.988470E-01 -1.090411E-03
  1.878007E-01  3.113046E-01 -1.135865E-03
  1.974295E-01  3.241292E-01 -1.182658E-03
  2.075521E-01  3.373155E-01 -1.230771E-03
  2.181936E-01  3.508561E-01 -1.280178E-03
  2.293807E-01  3.647413E-01 -1.330841E-03
  2.411414E-01  3.789585E-01 -1.382715E-03
  2.535051E-01  3.934925E-01 -1.435746E-03
  2.665027E-01  4.083250E-01 -1.489866E-03
  2.801667E-01  4.234344E-01 -1.544996E-03
  2.945313E-01  4.387953E-01 -1.601043E-03
  3.096323E-01  4.543787E-01 -1.657903E-03
  3.255076E-01  4.701514E-01 -1.715453E-03
  3.421968E-01  4.860757E-01 -1.773557E-03
  3.597417E-01  5.021096E-01 -1.832060E-03
  3.781862E-01  5.182061E-01 -1.890791E-03
  3.975763E-01  5.343130E-01 -1.949561E-03
  4.179606E-01  5.503731E-01 -2.008160E-03
  4.393900E-01  5.663237E-01 -2.066360E-03
  4.619181E-01  5.820968E-01 -2.123911E-03
  4.856012E-01  5.976184E-01 -2.180545E-03
  5.104986E-01  6.128094E-01 -2.235973E-03
  5.366726E-01  6.275848E-01 -2.289884E-03
  5.641885E-01  6.418546E-01 -2.341951E-03
  5.931151E-01  6.555234E-01 -2.391824E-03
  6.235249E-01  6.684911E-01 -2.439140E-03
  6.554938E-01  6.806532E-01 -2.483516E-03
  6.891018E-01  6.919016E-01 -2.524559E-03
  7.244329E-01  7.021250E-01 -2.561861E-03
  7.615755E-01  7.112100E-01 -2.595009E-03
  8.006224E-01  7.190419E-01 -2.623586E-03
  8.416713E-01  7.255061E-01 -2.647172E-03
  8.848248E-01  7.304894E-01 -2.665355E-03
  9.301908E-01  7.338814E-01 -2.677731E-03
  9.778828E-01  7.355763E-01 -2.683915E-03
  1.028020E+00  7.354745E-01 -2.683544E-03
  1.080728E+00  7.334847E-01 -2.676284E-03
  1.136138E+00  7.295262E-01 -2.661840E-03
  1.194389E+00  7.235306E-01 -2.639964E-03
  1.255627E+00  7.154444E-01 -2.610460E-03
  1.320004E+00  7.052308E-01 -2.573193E-03
  1.387683E+00  6.928723E-01 -2.528100E-03
  1.458831E+00  6.783724E-01 -2.475194E-03
  1.533627E+00  6.617575E-01 -2.414571E-03
  1.612258E+00  6.430787E-01 -2.346417E-03
  1.694920E+00  6.224128E-01 -2.271013E-03
  1.781820E+00  5.998632E-01 -2.188736E-03
  1.873176E+00  5.755606E-01 -2.100062E-03
  1.969216E+00  5.496618E-01 -2.005565E-03
  2.070180E+00  5.223501E-01 -1.905912E-03
  2.176321E+00  4.938324E-01 -1.801859E-03
  2.287903E+00  4.643379E-01 -1.694241E-03
  2.405207E+00  4.341143E-01 -1.583963E-03
  2.528524E+00  4.034243E-01 -1.471984E-03
  2.658165E+00  3.725410E-01 -1.359300E-03
  2.794452E+00  3.417429E-01 -1.246926E-03
  2.937726E+00  3.113080E-01 -1.135877E-03
  3.088347E+00  2.815080E-01 -1.027145E-03
  3.246690E+00  2.526024E-01 -9.216766E-04
  3.413151E+00  2.248321E-01 -8.203504E-04
  3.588148E+00  1.984141E-01 -7.239586E-04
  3.772116E+00  1.735363E-01 -6.331862E-04
  3.965517E+00  1.503528E-01 -5.485962E-04
  4.168833E+00  1.289812E-01 -4.706171E-04
  4.382574E+00  1.095000E-01 -3.995355E-04
  4.607273E+00  9.194809E-02 -3.354933E-04
  4.843493E+00  7.632518E-02 -2.784896E-04
  5.091825E+00  6.259405E-02 -2.283885E-04
  5.352888E+00  5.068375E-02 -1.849311E-04
  5.627337E+00  4.049407E-02 -1.477517E-04
  5.915856E+00  3.190091E-02 -1.163976E-04
  6.219169E+00  2.476226E-02 -9.035066E-05
  6.538033E+00  1.892446E-02 -6.905016E-05
  6.873245E+00  1.422843E-02 -5.191562E-05
  7.225644E+00  1.051541E-02 -3.836784E-05
  7.596111E+00  7.632181E-03 -2.784773E-05
  7.985572E+00  5.435281E-03 -1.983185E-05
  8.395001E+00  3.794228E-03 -1.384409E-05
  8.825422E+00  2.593630E-03 -9.463443E-06
  9.277911E+00  1.734238E-03 -6.327757E-06
  9.753600E+00  1.133010E-03 -4.134042E-06
  1.025368E+01  7.223820E-04 -2.635773E-06
  1.077939E+01  4.489158E-04 -1.637970E-06
  1.133207E+01  2.715544E-04 -9.908274E-07
  1.191307E+01  1.596771E-04 -5.826178E-07
  1.252387E+01  9.113627E-05 -3.325312E-07
  1.316598E+01  5.041264E-05 -1.839418E-07
  1.384102E+01  2.698297E-05 -9.845345E-08
  1.455066E+01  1.395113E-05 -5.090383E-08
  1.529669E+01  6.955486E-06 -2.537865E-08
  1.608097E+01  3.337597E-06 -1.217797E-08
  1.690546E+01  1.538428E-06 -5.613299E-09
  1.777222E+01  6.797692E-07 -2.480291E-09
  1.868342E+01  2.873068E-07 -1.048304E-09
  1.964134E+01  1.158887E-07 -4.228458E-10
  2.064837E+01  4.450473E-08 -1.623855E-10
  2.170704E+01  1.623110E-08 -5.922282E-11
  2.281998E+01  5.606823E-09 -2.045775E-11
  2.398999E+01  1.829380E-09 -6.674906E-12
