2.848394e-9	-0.0009284144808650257
5.842829e-9	-0.003060529944093255
8.990791e-9	-0.00507164698356823
1.230015e-8	-0.007002921331591904
1.577919e-8	-0.008914189899951531
1.94366e-8	-0.010888525143194354
2.328153e-8	-0.013009352554072498
2.732359e-8	-0.01528245967453812
3.15729e-8	-0.017688977840699383
3.604007e-8	-0.020205810607266145
4.073628e-8	-0.022835126280188068
4.567327e-8	-0.02559439869028283
5.086338e-8	-0.028501228111339396
5.631959e-8	-0.0315605978460725
6.205556e-8	-0.034775019208591856
6.808561e-8	-0.038154113548163386
7.442483e-8	-0.041706506771851
8.108906e-8	-0.04544100820317263
8.809498e-8	-0.049367020490723695
9.54601e-8	-0.053494324136638564
1.032028e-7	-0.05783320522958759
1.113426e-7	-0.06239461077661878
1.198996e-7	-0.0671898110500906
1.288954e-7	-0.0722309077333966
1.383524e-7	-0.07753045044466834
1.482943e-7	-0.08310172099113418
1.587459e-7	-0.08895861672280742
1.697333e-7	-0.09511576296142252
1.812841e-7	-0.10158862569245682
1.934272e-7	-0.10839339928101588
2.061928e-7	-0.115547006461108
2.196129e-7	-0.12306737850001491
2.337211e-7	-0.13097334310268666
2.485526e-7	-0.13928462437978123
2.641446e-7	-0.14802206696381
2.80536e-7	-0.15720746785479361
2.977678e-7	-0.16686380052415703
3.15883e-7	-0.1770151588210445
3.349271e-7	-0.18768703709618892
3.549476e-7	-0.19890604993710606
3.759945e-7	-0.2107002122688036
3.981206e-7	-0.22309910736297975
4.21381e-7	-0.23613360653082482
4.458341e-7	-0.24983642935719505
4.715409e-7	-0.264241751276528
4.985657e-7	-0.27938559564412296
5.269761e-7	-0.2953058335147935
5.568431e-7	-0.31204223942302867
5.882415e-7	-0.3296367152299229
6.212497e-7	-0.3481331777025336
6.559502e-7	-0.36757783829065166
6.924299e-7	-0.38801937076150317
7.307799e-7	-0.4095087985801399
7.710962e-7	-0.43209988651854403
8.134795e-7	-0.45584902784263975
8.580359e-7	-0.480815635690047
9.048768e-7	-0.5070620860291063
9.541192e-7	-0.5346538845934126
1.005886e-6	-0.5636598336245177
1.060308e-6	-0.5941531509166553
1.117519e-6	-0.6262087224471481
1.177664e-6	-0.6599076947848489
1.240892e-6	-0.6953334383939195
1.307363e-6	-0.7325754668024861
1.377241e-6	-0.7717255112612236
1.450702e-6	-0.812881999044628
1.52793e-6	-0.8561478077696205
1.609117e-6	-0.9016302601848917
1.694466e-6	-0.9494427987407154
1.784192e-6	-0.9997055385365009
1.878518e-6	-1.0525430182643314
1.97768e-6	-1.1080869915198686
2.081926e-6	-1.166475855332603
2.191517e-6	-1.2278551972195906
2.306727e-6	-1.292377780001682
2.427844e-6	-1.3602040842590155
2.55517e-6	-1.4315022878960575
2.689025e-6	-1.5064504821490052
2.829743e-6	-1.5852344039798993
2.977675e-6	-1.6680490839173865
3.133192e-6	-1.7551004879986762
3.296683e-6	-1.846604354459501
3.468556e-6	-1.9427867032027695
3.649241e-6	-2.043885456069647
3.83919e-6	-2.1501503683280014
4.038877e-6	-2.261842949546141
4.248803e-6	-2.379239168138207
4.469493e-6	-2.5026276657901176
4.701497e-6	-2.6323101930955843
4.945396e-6	-2.7686048191475776
5.2018e-6	-2.9118446446280424
5.471351e-6	-3.062379282592894
5.754721e-6	-3.2205735148849444
6.052621e-6	-3.3868120534066635
6.365794e-6	-3.561495325394583
6.695023e-6	-3.7450435825921726
7.041133e-6	-3.9378976000503254
7.404988e-6	-4.140516523008606
7.787498e-6	-4.353381209077368
8.18962e-6	-4.576994133287257
8.612359e-6	-4.811879189791568
9.056773e-6	-5.058583593961205
9.523972e-6	-5.317676307839263
1.001512e-5	-5.5897479730546955
1.053146e-5	-5.875423372957266
1.107427e-5	-6.175335472947627
1.164491e-5	-6.490149586964449
1.22448e-5	-6.820549054230142
1.287545e-5	-7.167249264063408
1.353844e-5	-7.530983698839909
1.423542e-5	-7.912500592770686
1.496813e-5	-8.312569990689438
1.573841e-5	-8.731984601525765
1.654819e-5	-9.1715489991868
1.739948e-5	-9.632068101074037
1.829442e-5	-10.11436711361304
1.923524e-5	-10.619261542423942
2.02243e-5	-11.14756909955754
2.126407e-5	-11.700087719206788
2.235716e-5	-12.27759852044663
2.350628e-5	-12.880829577617089
2.471432e-5	-13.510480570432165
2.59843e-5	-14.167175952604953
2.731939e-5	-14.851451927596207
2.872293e-5	-15.56373933982014
3.019844e-5	-16.304336792074473
3.174959e-5	-17.07335885789469
3.338028e-5	-17.87073341396135
3.509457e-5	-18.696117595702848
3.689676e-5	-19.548880093574216
3.879134e-5	-20.428011486114386
4.078307e-5	-21.33208649801904
4.287691e-5	-22.25914544249597
4.50781e-5	-23.206632911301032
4.739215e-5	-24.171282182221756
4.982485e-5	-25.148996462271324
5.238227e-5	-26.134715533087086
5.507082e-5	-27.122298075923432
5.789721e-5	-28.104365575785856
6.086851e-5	-29.07220122007855
6.399215e-5	-30.01566600026256
6.727595e-5	-30.923218246377466
7.072811e-5	-31.782081277007727
7.435726e-5	-32.578693885128864
7.817249e-5	-33.299556291722176
8.218333e-5	-33.932566180331506
8.639981e-5	-34.468864654344856
9.083247e-5	-34.904768699244144
9.54924e-5	-35.243175290459774
0.0001003912	-35.49349496669437
0.0001055413	-35.669917263267564
0.0001109553	-35.78857701262157
0.000116647	-35.86491098321194
0.0001226304	-35.91190647685984
0.0001289207	-35.93955381621623
0.0001355334	-35.954968604744586
0.0001424852	-35.96294124475684
0.0001497935	-35.96655142973864
0.0001574764	-35.96768086390931
0.0001655532	-35.96743632946094
0.0001740442	-35.96643993708777
0.0001829704	-35.96502682766961
0.0001923544	-35.9633679194506
0.0002022195	-35.9615454065242
0.0002125903	-35.959595668691826
0.0002234929	-35.957532069449144
0.0002349545	-35.95535727478441
0.0002470037	-35.95306901443981
0.0002596707	-35.95066275941197
0.0002729872	-35.94813292403085
0.0002869864	-35.945473353304784
0.0003017033	-35.942677450397575
0.0003171748	-35.93973822220775
0.0003334396	-35.9366483326613
0.0003505382	-35.93340009890778
0.0003685136	-35.92998536034784
0.0003874105	-35.92639563891829
0.0004072763	-35.92262194899651
0.0004281607	-35.91865486715695
0.0004501158	-35.914484506833965
0.0004731966	-35.910100454748125
0.0004974607	-35.90549179810167
0.0005229689	-35.900647010543445
0.0005497849	-35.89555403030528
0.0005779759	-35.89020014584663
0.0006076122	-35.884572054324465
0.000638768	-35.878655692236684
0.0006715212	-35.87243635981901
0.0007059536	-35.86589860105476
0.0007421515	-35.85902608958808
0.0007802053	-35.85180176280951
0.0008202101	-35.8442077065744
0.000862266	-35.83622505024427
0.0009064782	-35.8278339004317
0.0009529572	-35.81901353889686
0.001001819	-35.80974216017849
0.001053186	-35.799996700111826
0.001107187	-35.78975299660796
0.001163957	-35.77898581990783
0.001223637	-35.767668781255
0.001286377	-35.75577363770104
0.001352334	-35.74327130836767
0.001421672	-35.73013126535717
0.001494566	-35.71632077206687
0.001571197	-35.70180627718468
0.001651757	-35.68655242562714
0.001736447	-35.67052209838871
0.001825479	-35.65367570410329
0.001919076	-35.635972873265594
0.002017472	-35.61737082564268
0.002120913	-35.59782416294119
0.002229658	-35.57728592383729
0.002343977	-35.555707761278065
0.002464159	-35.53303757109963
0.002590502	-35.509220547251275
0.002723322	-35.484201891586935
0.002862953	-35.45792251599785
0.003009742	-35.430319899011714
0.003164058	-35.40132986061849
0.003326286	-35.370886817938924
0.003496831	-35.338920945496405
0.00367612	-35.30535581231027
0.003864602	-35.27011948679433
0.004062747	-35.233133702233516
0.004271051	-35.194312550081385
0.004490035	-35.15357230927197
0.004720247	-35.1108275566685
0.004962262	-35.06598645456473
0.005216686	-35.01894568834182
0.005484154	-34.969617446765795
0.005765335	-34.91790139254676
0.006060933	-34.863682936874696
0.006371687	-34.806859744842136
0.006698373	-34.747328234240214
0.007041809	-34.684973164020015
0.007402853	-34.619660247946236
0.007782408	-34.55129419087523
0.008181424	-34.47975582443099
0.008600897	-34.40489636466234
0.009041877	-34.326606901955586
0.009505467	-34.24477356257225
0.009992826	-34.159261312383094
0.01050517	-34.06990601469286
0.01104379	-33.976625851742995
0.01161002	-33.87929667387746
0.01220528	-33.777724452534365
0.01283106	-33.67182719431918
0.01348892	-33.56149681123002
0.01418052	-33.44657786628584
0.01490757	-33.326892855852314
0.0156719	-33.202405156998566
0.01647542	-33.0729955403815
0.01732014	-32.938403789586616
0.01820816	-32.798632651171566
0.01914172	-32.6535800643852
0.02012314	-32.503054381857105
0.02115487	-32.34689440577193
0.02223951	-32.185107944595906
0.02337976	-32.0175693016035
0.02457847	-31.84391723733292
0.02583863	-31.664266433447775
0.02716341	-31.478486119067675
0.02855611	-31.286252134323355
0.03002022	-31.087471156044458
0.03155939	-30.88210921485639
0.03317748	-30.669929320379698
0.03487853	-30.45048681447457
0.03666679	-30.223903208497106
0.03854674	-29.98994425014893
0.04052308	-29.748012789174428
0.04260074	-29.498145824433347
0.04478493	-29.240123163081776
0.04708111	-28.9734645512887
0.04949501	-28.69782784858626
0.05203268	-28.413173188307766
0.05470045	-28.11914989162955
0.05750501	-27.815075534659606
0.06045335	-27.50116485976666
0.06355287	-27.17718738166599
0.06681129	-26.842457657306582
0.07023678	-26.4972577138915
0.0738379	-26.141622882073932
0.07762366	-25.77519403567902
0.08160351	-25.39812565743339
0.08578741	-25.01096582128096
0.09018583	-24.613775746353713
0.09480976	-24.20649455578904
0.09967077	-23.79035295772166
0.104781	-23.365809081017847
0.1101532	-22.932493368423785
0.1158009	-22.49223910218488
0.1217382	-22.04573022107215
0.1279798	-21.592270121231238
0.1345415	-21.133878382536004
0.1414396	-20.671201024813442
0.1486913	-20.20315852201059
0.1563149	-19.731463030022752
0.1643293	-19.256445030708974
0.1727547	-18.776540878703678
0.181612	-18.29295599341738
0.1909235	-17.805539264329763
0.2007123	-17.312339140410643
0.2110031	-16.81423872305736
0.2218214	-16.310812497964097
0.2331945	-15.800137742934185
0.2451506	-15.283414071576953
0.2577197	-14.760373170521511
0.2709333	-14.230056486018347
0.2848244	-13.694548221946754
0.2994276	-13.154182952918237
0.3147796	-12.61003835454986
0.3309187	-12.065222961757316
0.3478853	-11.520434175217082
0.3657218	-10.979441880062913
0.3844727	-10.445411723486073
0.4041851	-9.919450918946021
0.4249081	-9.406966606730338
0.4466936	-8.90881974999101
0.469596	-8.428610853112307
0.4936728	-7.968568865305482
0.5189839	-7.528926591663246
0.5455928	-7.112887938862896
0.5735659	-6.718084081052886
0.6029733	-6.346897358604996
0.6338884	-5.996642294389073
0.6663885	-5.667322940694428
0.700555	-5.356468064049902
0.7364732	-5.0626954071604295
0.774233	-4.783652602617639
0.8139288	-4.517639087066654
0.8556598	-4.262568846999303
0.8995304	-4.017203934764192
0.9456504	-3.7799265037434497
0.9941349	-3.5504551637435426
1.045105	-3.3277114781437493
1.098689	-3.112337296384171
1.15502	-2.904270337036375
1.214239	-2.7043136053642676
1.276494	-2.5134757189354073
1.341942	-2.3322654611192943
1.410745	-2.1620732693907683
1.483075	-2.0038040302826854
1.559114	-1.857903867760204
1.639051	-1.7251712758749094
1.723087	-1.6059230293335132
1.811432	-1.5001662293398497
1.904306	-1.4075344242016157
2.001942	-1.3275936831026183
2.104584	-1.2596573885265032
2.212488	-1.2027979826134572
2.325925	-1.1559626056308312
2.445177	-1.1180194696993515
2.570544	-1.0878070810922502
2.702339	-1.0641806070890698
2.840891	-1.046048991449928
2.986546	-1.0324049238201543
3.13967	-1.022345433203456
3.300644	-1.0150854186730187
3.469872	-1.0099539251241563
3.647776	-1.0064170858142363
3.834801	-1.0040381230833448
4.031416	-1.00247497517354
4.238111	-1.0014769926551597
4.455404	-1.0008565977208113
4.683837	-1.000482398723898
4.923983	-1.0002631354923777
5.176441	-1.0001389527316493
5.441842	-1.0000709016050542
5.720852	-1.0000348858060706
6.014166	-1.0000165203783904
6.322519	-1.0000075169703986
6.646681	-1.0000032784663704
6.987464	-1.000001367879211
7.345719	-1.000000544935708
7.722342	-1.000000206759504
8.118275	-1.0000000744795101
8.534508	-1.000000025422133
8.972081	-1.000000008201082
9.43209	-1.0000000024933888
9.915683	-1.0000000007134062
10.42407	-1.0000000001927989
10.95852	-1.0000000000505067
11.52038	-1.0000000000140536
12.11104	-1.0000000000054485
12.73199	-1.0000000000034481
13.38477	-1.0000000000028364
14.07102	-1.0000000000027245
14.79246	-1.0000000000024243
15.55089	-1.0000000000023785
16.3482	-1.000000000002164
17.18639	-1.000000000001912
