        r(a.u)         P(1s)         Q(1s)         P(2s)         Q(2s)
  0.000000E+00  0.000000E+00  0.000000E+00  0.000000E+00  0.000000E+00
  3.418073E-08  3.160255E-07 -3.500339E-12  7.887929E-08 -8.736989E-13
  7.011395E-08  6.482539E-07 -1.472841E-11  1.618028E-07 -3.676271E-12
  1.078895E-07  9.975160E-07 -3.487426E-11  2.489779E-07 -8.704757E-12
  1.476018E-07  1.364685E-06 -6.527242E-11  3.406226E-07 -1.629226E-11
  1.893503E-07  1.750680E-06 -1.074181E-10  4.369660E-07 -2.681199E-11
  2.332392E-07  2.156464E-06 -9.019242E-11  5.382490E-07 -2.251239E-11
  2.793784E-07  2.583054E-06 -1.929091E-10  6.447249E-07 -4.815090E-11
  3.278831E-07  3.031515E-06 -2.066962E-10  7.566599E-07 -5.159220E-11
  3.788748E-07  3.502970E-06 -3.019708E-10  8.743340E-07 -7.537313E-11
  4.324808E-07  3.998597E-06 -3.777036E-10  9.980414E-07 -9.427635E-11
  4.888353E-07  4.519634E-06 -4.838133E-10  1.128091E-06 -1.207618E-10
  5.480792E-07  5.067386E-06 -6.045263E-10  1.264809E-06 -1.508922E-10
  6.103606E-07  5.643222E-06 -7.497580E-10  1.408537E-06 -1.871427E-10
  6.758351E-07  6.248582E-06 -9.154045E-10  1.559633E-06 -2.284887E-10
  7.446667E-07  6.884979E-06 -1.112180E-09  1.718476E-06 -2.776045E-10
  8.170273E-07  7.554005E-06 -1.336252E-09  1.885464E-06 -3.335338E-10
  8.930979E-07  8.257332E-06 -1.596333E-09  2.061013E-06 -3.984513E-10
  9.730687E-07  8.996720E-06 -1.893956E-09  2.245563E-06 -4.727391E-10
  1.057140E-06  9.774017E-06 -2.234498E-09  2.439574E-06 -5.577397E-10
  1.145521E-06  1.059117E-05 -2.623067E-09  2.643533E-06 -6.547281E-10
  1.238434E-06  1.145021E-05 -3.065141E-09  2.857949E-06 -7.650716E-10
  1.336111E-06  1.235330E-05 -3.567008E-09  3.083359E-06 -8.903397E-10
  1.438795E-06  1.330269E-05 -4.135770E-09  3.320325E-06 -1.032305E-09
  1.546745E-06  1.430076E-05 -4.778970E-09  3.569441E-06 -1.192850E-09
  1.660229E-06  1.535000E-05 -5.505325E-09  3.831329E-06 -1.374151E-09
  1.779531E-06  1.645304E-05 -6.324284E-09  4.106645E-06 -1.578567E-09
  1.904950E-06  1.761263E-05 -7.246404E-09  4.396076E-06 -1.808732E-09
  2.036800E-06  1.883167E-05 -8.283402E-09  4.700347E-06 -2.067571E-09
  2.175410E-06  2.011322E-05 -9.448227E-09  5.020217E-06 -2.358316E-09
  2.321126E-06  2.146047E-05 -1.075525E-08  5.356488E-06 -2.684555E-09
  2.474313E-06  2.287679E-05 -1.222041E-08  5.710000E-06 -3.050264E-09
  2.635355E-06  2.436574E-05 -1.386132E-08  6.081637E-06 -3.459841E-09
  2.804653E-06  2.593102E-05 -1.569751E-08  6.472328E-06 -3.918162E-09
  2.982632E-06  2.757655E-05 -1.775061E-08  6.883050E-06 -4.430624E-09
  3.169735E-06  2.930645E-05 -2.004454E-08  7.314830E-06 -5.003198E-09
  3.366432E-06  3.112505E-05 -2.260578E-08  7.768747E-06 -5.642494E-09
  3.573213E-06  3.303688E-05 -2.546363E-08  8.245937E-06 -6.355825E-09
  3.790596E-06  3.504674E-05 -2.865048E-08  8.747593E-06 -7.151277E-09
  4.019125E-06  3.715964E-05 -3.220218E-08  9.274970E-06 -8.037794E-09
  4.259371E-06  3.938088E-05 -3.615830E-08  9.829385E-06 -9.025260E-09
  4.511934E-06  4.171599E-05 -4.056264E-08  1.041222E-05 -1.012460E-08
  4.777447E-06  4.417083E-05 -4.546352E-08  1.102495E-05 -1.134788E-08
  5.056572E-06  4.675153E-05 -5.091436E-08  1.166908E-05 -1.270843E-08
  5.350009E-06  4.946454E-05 -5.697411E-08  1.234625E-05 -1.422097E-08
  5.658491E-06  5.231665E-05 -6.370782E-08  1.305813E-05 -1.590173E-08
  5.982788E-06  5.531499E-05 -7.118727E-08  1.380651E-05 -1.776863E-08
  6.323713E-06  5.846705E-05 -7.949160E-08  1.459325E-05 -1.984143E-08
  6.682118E-06  6.178071E-05 -8.870805E-08  1.542034E-05 -2.214189E-08
  7.058898E-06  6.526427E-05 -9.893270E-08  1.628983E-05 -2.469401E-08
  7.454996E-06  6.892642E-05 -1.102713E-07  1.720389E-05 -2.752418E-08
  7.871403E-06  7.277633E-05 -1.228404E-07  1.816482E-05 -3.066147E-08
  8.309159E-06  7.682363E-05 -1.367679E-07  1.917502E-05 -3.413783E-08
  8.769359E-06  8.107842E-05 -1.521944E-07  2.023700E-05 -3.798836E-08
  9.253154E-06  8.555135E-05 -1.692745E-07  2.135344E-05 -4.225161E-08
  9.761755E-06  9.025360E-05 -1.881773E-07  2.252711E-05 -4.696984E-08
  1.029643E-05  9.519692E-05 -2.090887E-07  2.376095E-05 -5.218940E-08
  1.085852E-05  1.003937E-04 -2.322116E-07  2.505805E-05 -5.796099E-08
  1.144943E-05  1.058569E-04 -2.577683E-07  2.642165E-05 -6.434004E-08
  1.207064E-05  1.116001E-04 -2.860011E-07  2.785516E-05 -7.138708E-08
  1.272369E-05  1.176378E-04 -3.171745E-07  2.936216E-05 -7.916808E-08
  1.341023E-05  1.239851E-04 -3.515760E-07  3.094641E-05 -8.775484E-08
  1.413197E-05  1.306577E-04 -3.895180E-07  3.261188E-05 -9.722533E-08
  1.489071E-05  1.376724E-04 -4.313391E-07  3.436274E-05 -1.076641E-07
  1.568835E-05  1.450467E-04 -4.774054E-07  3.620335E-05 -1.191624E-07
  1.652689E-05  1.527990E-04 -5.281116E-07  3.813831E-05 -1.318189E-07
  1.740843E-05  1.609488E-04 -5.838818E-07  4.017247E-05 -1.457394E-07
  1.833516E-05  1.695163E-04 -6.451706E-07  4.231091E-05 -1.610374E-07
  1.930940E-05  1.785230E-04 -7.124626E-07  4.455896E-05 -1.778338E-07
  2.033359E-05  1.879914E-04 -7.862730E-07  4.692225E-05 -1.962572E-07
  2.141030E-05  1.979451E-04 -8.671457E-07  4.940669E-05 -2.164434E-07
  2.254221E-05  2.084091E-04 -9.556524E-07  5.201847E-05 -2.385351E-07
  2.373216E-05  2.194094E-04 -1.052389E-06  5.476413E-05 -2.626811E-07
  2.498311E-05  2.309736E-04 -1.157975E-06  5.765052E-05 -2.890357E-07
  2.629820E-05  2.431305E-04 -1.273042E-06  6.068486E-05 -3.177570E-07
  2.768072E-05  2.559104E-04 -1.398235E-06  6.387471E-05 -3.490059E-07
  2.913412E-05  2.693455E-04 -1.534201E-06  6.722806E-05 -3.829437E-07
  3.066204E-05  2.834690E-04 -1.681580E-06  7.075328E-05 -4.197304E-07
  3.226830E-05  2.983165E-04 -1.840999E-06  7.445917E-05 -4.595223E-07
  3.395691E-05  3.139248E-04 -2.013056E-06  7.835498E-05 -5.024688E-07
  3.573210E-05  3.303331E-04 -2.198315E-06  8.245044E-05 -5.487105E-07
  3.759830E-05  3.475822E-04 -2.397293E-06  8.675579E-05 -5.983768E-07
  3.956019E-05  3.657153E-04 -2.610454E-06  9.128177E-05 -6.515831E-07
  4.162267E-05  3.847776E-04 -2.838202E-06  9.603968E-05 -7.084305E-07
  4.379089E-05  4.048167E-04 -3.080879E-06  1.010414E-04 -7.690044E-07
  4.607027E-05  4.258827E-04 -3.338770E-06  1.062994E-04 -8.333761E-07
  4.846653E-05  4.480281E-04 -3.612110E-06  1.118269E-04 -9.016040E-07
  5.098564E-05  4.713083E-04 -3.901094E-06  1.176376E-04 -9.737367E-07
  5.363391E-05  4.957814E-04 -4.205894E-06  1.237460E-04 -1.049818E-06
  5.641796E-05  5.215084E-04 -4.526683E-06  1.301674E-04 -1.129890E-06
  5.934475E-05  5.485536E-04 -4.863647E-06  1.369178E-04 -1.213999E-06
  6.242161E-05  5.769846E-04 -5.217014E-06  1.440141E-04 -1.302204E-06
  6.565621E-05  6.068722E-04 -5.587068E-06  1.514740E-04 -1.394573E-06
  6.905666E-05  6.382912E-04 -5.974168E-06  1.593162E-04 -1.491198E-06
  7.263145E-05  6.713199E-04 -6.378761E-06  1.675600E-04 -1.592190E-06
  7.638952E-05  7.060408E-04 -6.801389E-06  1.762263E-04 -1.697684E-06
  8.034028E-05  7.425405E-04 -7.242700E-06  1.853365E-04 -1.807842E-06
  8.449359E-05  7.809101E-04 -7.703447E-06  1.949135E-04 -1.922852E-06
  8.885985E-05  8.212454E-04 -8.184490E-06  2.049811E-04 -2.042928E-06
  9.344998E-05  8.636471E-04 -8.686793E-06  2.155645E-04 -2.168313E-06
  9.827544E-05  9.082209E-04 -9.211424E-06  2.266900E-04 -2.299271E-06
  1.033483E-04  9.550780E-04 -9.759546E-06  2.383855E-04 -2.436093E-06
  1.086813E-04  1.004335E-03 -1.033242E-05  2.506800E-04 -2.579096E-06
  1.142877E-04  1.056116E-03 -1.093140E-05  2.636043E-04 -2.728614E-06
  1.201815E-04  1.110549E-03 -1.155791E-05  2.771906E-04 -2.885008E-06
  1.263775E-04  1.167769E-03 -1.221349E-05  2.914728E-04 -3.048658E-06
  1.328912E-04  1.227921E-03 -1.289975E-05  3.064865E-04 -3.219967E-06
  1.397389E-04  1.291153E-03 -1.361837E-05  3.222691E-04 -3.399356E-06
  1.469376E-04  1.357624E-03 -1.437114E-05  3.388601E-04 -3.587272E-06
  1.545054E-04  1.427498E-03 -1.515994E-05  3.563006E-04 -3.784181E-06
  1.624613E-04  1.500951E-03 -1.598672E-05  3.746343E-04 -3.990575E-06
  1.708250E-04  1.578165E-03 -1.685354E-05  3.939068E-04 -4.206966E-06
  1.796176E-04  1.659333E-03 -1.776256E-05  4.141661E-04 -4.433894E-06
  1.888610E-04  1.744657E-03 -1.871605E-05  4.354627E-04 -4.671925E-06
  1.985783E-04  1.834349E-03 -1.971638E-05  4.578497E-04 -4.921651E-06
  2.087938E-04  1.928633E-03 -2.076604E-05  4.813828E-04 -5.183696E-06
  2.195330E-04  2.027744E-03 -2.186765E-05  5.061205E-04 -5.458711E-06
  2.308229E-04  2.131928E-03 -2.302395E-05  5.321246E-04 -5.747382E-06
  2.426916E-04  2.241444E-03 -2.423780E-05  5.594597E-04 -6.050427E-06
  2.551689E-04  2.356566E-03 -2.551224E-05  5.881939E-04 -6.368601E-06
  2.682859E-04  2.477579E-03 -2.685044E-05  6.183986E-04 -6.702695E-06
  2.820754E-04  2.604786E-03 -2.825571E-05  6.501490E-04 -7.053540E-06
  2.965718E-04  2.738501E-03 -2.973155E-05  6.835240E-04 -7.422010E-06
  3.118116E-04  2.879057E-03 -3.128163E-05  7.186066E-04 -7.809021E-06
  3.278327E-04  3.026805E-03 -3.290980E-05  7.554841E-04 -8.215534E-06
  3.446752E-04  3.182110E-03 -3.462010E-05  7.942480E-04 -8.642559E-06
  3.623813E-04  3.345360E-03 -3.641677E-05  8.349947E-04 -9.091158E-06
  3.809951E-04  3.516958E-03 -3.830427E-05  8.778253E-04 -9.562444E-06
  4.005634E-04  3.697332E-03 -4.028729E-05  9.228461E-04 -1.005759E-05
  4.211349E-04  3.886928E-03 -4.237073E-05  9.701690E-04 -1.057782E-05
  4.427611E-04  4.086218E-03 -4.455977E-05  1.019911E-03 -1.112443E-05
  4.654961E-04  4.295695E-03 -4.685982E-05  1.072196E-03 -1.169877E-05
  4.893968E-04  4.515879E-03 -4.927657E-05  1.127154E-03 -1.230226E-05
  5.145229E-04  4.747315E-03 -5.181601E-05  1.184919E-03 -1.293641E-05
  5.409372E-04  4.990576E-03 -5.448441E-05  1.245637E-03 -1.360278E-05
  5.687058E-04  5.246265E-03 -5.728838E-05  1.309456E-03 -1.430302E-05
  5.978982E-04  5.515014E-03 -6.023483E-05  1.376536E-03 -1.503886E-05
  6.285873E-04  5.797489E-03 -6.333104E-05  1.447040E-03 -1.581213E-05
  6.608498E-04  6.094386E-03 -6.658465E-05  1.521145E-03 -1.662473E-05
  6.947665E-04  6.406440E-03 -7.000368E-05  1.599033E-03 -1.747868E-05
  7.304221E-04  6.734420E-03 -7.359656E-05  1.680896E-03 -1.837607E-05
  7.679058E-04  7.079137E-03 -7.737212E-05  1.766937E-03 -1.931913E-05
  8.073114E-04  7.441440E-03 -8.133966E-05  1.857367E-03 -2.031018E-05
  8.487373E-04  7.822221E-03 -8.550893E-05  1.952409E-03 -2.135166E-05
  8.922872E-04  8.222419E-03 -8.989017E-05  2.052297E-03 -2.244613E-05
  9.380699E-04  8.643017E-03 -9.449413E-05  2.157277E-03 -2.359630E-05
  9.862000E-04  9.085050E-03 -9.933209E-05  2.267607E-03 -2.480497E-05
  1.036798E-03  9.549603E-03 -1.044159E-04  2.383559E-03 -2.607513E-05
  1.089990E-03  1.003782E-02 -1.097580E-04  2.505415E-03 -2.740988E-05
  1.145909E-03  1.055089E-02 -1.153714E-04  2.633476E-03 -2.881251E-05
  1.204695E-03  1.109007E-02 -1.212699E-04  2.768055E-03 -3.028644E-05
  1.266495E-03  1.165669E-02 -1.274678E-04  2.909480E-03 -3.183529E-05
  1.331464E-03  1.225212E-02 -1.339802E-04  3.058099E-03 -3.346283E-05
  1.399764E-03  1.287782E-02 -1.408230E-04  3.214272E-03 -3.517304E-05
  1.471565E-03  1.353532E-02 -1.480127E-04  3.378382E-03 -3.697009E-05
  1.547048E-03  1.422622E-02 -1.555668E-04  3.550827E-03 -3.885835E-05
  1.626401E-03  1.495219E-02 -1.635035E-04  3.732028E-03 -4.084241E-05
  1.709823E-03  1.571501E-02 -1.718422E-04  3.922423E-03 -4.292710E-05
  1.797522E-03  1.651651E-02 -1.806027E-04  4.122474E-03 -4.511746E-05
  1.889717E-03  1.735864E-02 -1.898064E-04  4.332666E-03 -4.741880E-05
  1.986639E-03  1.824343E-02 -1.994752E-04  4.553507E-03 -4.983668E-05
  2.088530E-03  1.917302E-02 -2.096324E-04  4.785528E-03 -5.237693E-05
  2.195645E-03  2.014965E-02 -2.203022E-04  5.029290E-03 -5.504567E-05
  2.308253E-03  2.117566E-02 -2.315102E-04  5.285376E-03 -5.784931E-05
  2.426634E-03  2.225351E-02 -2.432830E-04  5.554403E-03 -6.079458E-05
  2.551084E-03  2.338579E-02 -2.556487E-04  5.837012E-03 -6.388853E-05
  2.681915E-03  2.457519E-02 -2.686364E-04  6.133879E-03 -6.713854E-05
  2.819454E-03  2.582455E-02 -2.822770E-04  6.445711E-03 -7.055237E-05
  2.964044E-03  2.713683E-02 -2.966026E-04  6.773248E-03 -7.413811E-05
  3.116048E-03  2.851516E-02 -3.116468E-04  7.117267E-03 -7.790428E-05
  3.275846E-03  2.996277E-02 -3.274448E-04  7.478580E-03 -8.185978E-05
  3.443836E-03  3.148309E-02 -3.440336E-04  7.858038E-03 -8.601392E-05
  3.620440E-03  3.307968E-02 -3.614516E-04  8.256532E-03 -9.037648E-05
  3.806098E-03  3.475629E-02 -3.797393E-04  8.674995E-03 -9.495766E-05
  4.001275E-03  3.651681E-02 -3.989389E-04  9.114403E-03 -9.976818E-05
  4.206459E-03  3.836535E-02 -4.190944E-04  9.575775E-03 -1.048192E-04
  4.422163E-03  4.030618E-02 -4.402520E-04  1.006018E-02 -1.101225E-04
  4.648926E-03  4.234378E-02 -4.624598E-04  1.056874E-02 -1.156902E-04
  4.887316E-03  4.448282E-02 -4.857682E-04  1.110261E-02 -1.215352E-04
  5.137928E-03  4.672820E-02 -5.102297E-04  1.166302E-02 -1.276708E-04
  5.401389E-03  4.908503E-02 -5.358991E-04  1.225124E-02 -1.341111E-04
  5.678359E-03  5.155863E-02 -5.628336E-04  1.286860E-02 -1.408705E-04
  5.969528E-03  5.415457E-02 -5.910930E-04  1.351649E-02 -1.479645E-04
  6.275627E-03  5.687867E-02 -6.207393E-04  1.419636E-02 -1.554088E-04
  6.597419E-03  5.973699E-02 -6.518375E-04  1.490972E-02 -1.632202E-04
  6.935710E-03  6.273584E-02 -6.844549E-04  1.565815E-02 -1.714158E-04
  7.291346E-03  6.588182E-02 -7.186619E-04  1.644329E-02 -1.800138E-04
  7.665216E-03  6.918179E-02 -7.545314E-04  1.726685E-02 -1.890331E-04
  8.058254E-03  7.264288E-02 -7.921396E-04  1.813060E-02 -1.984931E-04
  8.471444E-03  7.627254E-02 -8.315652E-04  1.903642E-02 -2.084142E-04
  8.905818E-03  8.007849E-02 -8.728904E-04  1.998621E-02 -2.188178E-04
  9.362463E-03  8.406877E-02 -9.162001E-04  2.098198E-02 -2.297259E-04
  9.842521E-03  8.825172E-02 -9.615825E-04  2.202581E-02 -2.411614E-04
  1.034719E-02  9.263601E-02 -1.009129E-03  2.311986E-02 -2.531482E-04
  1.087774E-02  9.723061E-02 -1.058934E-03  2.426637E-02 -2.657110E-04
  1.143549E-02  1.020448E-01 -1.111095E-03  2.546764E-02 -2.788753E-04
  1.202183E-02  1.070883E-01 -1.165714E-03  2.672608E-02 -2.926679E-04
  1.263824E-02  1.123711E-01 -1.222894E-03  2.804417E-02 -3.071162E-04
  1.328625E-02  1.179033E-01 -1.282744E-03  2.942447E-02 -3.222486E-04
  1.396748E-02  1.236957E-01 -1.345373E-03  3.086962E-02 -3.380946E-04
  1.468364E-02  1.297593E-01 -1.410895E-03  3.238234E-02 -3.546845E-04
  1.543652E-02  1.361052E-01 -1.479428E-03  3.396544E-02 -3.720496E-04
  1.622801E-02  1.427453E-01 -1.551090E-03  3.562180E-02 -3.902222E-04
  1.706007E-02  1.496912E-01 -1.626004E-03  3.735437E-02 -4.092355E-04
  1.793479E-02  1.569554E-01 -1.704296E-03  3.916618E-02 -4.291235E-04
  1.885436E-02  1.645502E-01 -1.786092E-03  4.106032E-02 -4.499212E-04
  1.982108E-02  1.724885E-01 -1.871523E-03  4.303995E-02 -4.716644E-04
  2.083736E-02  1.807834E-01 -1.960720E-03  4.510830E-02 -4.943897E-04
  2.190575E-02  1.894480E-01 -2.053816E-03  4.726862E-02 -5.181344E-04
  2.302892E-02  1.984959E-01 -2.150946E-03  4.952423E-02 -5.429365E-04
  2.420967E-02  2.079406E-01 -2.252245E-03  5.187847E-02 -5.688347E-04
  2.545096E-02  2.177960E-01 -2.357848E-03  5.433470E-02 -5.958682E-04
  2.675589E-02  2.280758E-01 -2.467890E-03  5.689629E-02 -6.240765E-04
  2.812773E-02  2.387939E-01 -2.582505E-03  5.956662E-02 -6.534994E-04
  2.956990E-02  2.499641E-01 -2.701827E-03  6.234903E-02 -6.841769E-04
  3.108602E-02  2.616002E-01 -2.825985E-03  6.524683E-02 -7.161492E-04
  3.267987E-02  2.737156E-01 -2.955106E-03  6.826326E-02 -7.494560E-04
  3.435543E-02  2.863238E-01 -3.089314E-03  7.140149E-02 -7.841370E-04
  3.611691E-02  2.994376E-01 -3.228724E-03  7.466456E-02 -8.202309E-04
  3.796870E-02  3.130696E-01 -3.373448E-03  7.805539E-02 -8.577760E-04
  3.991543E-02  3.272317E-01 -3.523589E-03  8.157670E-02 -8.968093E-04
  4.196197E-02  3.419351E-01 -3.679241E-03  8.523104E-02 -9.373665E-04
  4.411344E-02  3.571903E-01 -3.840485E-03  8.902067E-02 -9.794815E-04
  4.637522E-02  3.730066E-01 -4.007394E-03  9.294759E-02 -1.023186E-03
  4.875296E-02  3.893925E-01 -4.180023E-03  9.701344E-02 -1.068510E-03
  5.125261E-02  4.063549E-01 -4.358411E-03  1.012195E-01 -1.115480E-03
  5.388043E-02  4.238992E-01 -4.542580E-03  1.055665E-01 -1.164118E-03
  5.664297E-02  4.420293E-01 -4.732532E-03  1.100548E-01 -1.214445E-03
  5.954715E-02  4.607468E-01 -4.928244E-03  1.146841E-01 -1.266475E-03
  6.260023E-02  4.800513E-01 -5.129669E-03  1.194534E-01 -1.320218E-03
  6.580985E-02  4.999401E-01 -5.336730E-03  1.243611E-01 -1.375679E-03
  6.918402E-02  5.204076E-01 -5.549321E-03  1.294046E-01 -1.432856E-03
  7.273120E-02  5.414451E-01 -5.767301E-03  1.345806E-01 -1.491739E-03
  7.646024E-02  5.630408E-01 -5.990492E-03  1.398845E-01 -1.552313E-03
  8.038048E-02  5.851791E-01 -6.218676E-03  1.453110E-01 -1.614552E-03
  8.450171E-02  6.078406E-01 -6.451591E-03  1.508532E-01 -1.678422E-03
  8.883424E-02  6.310014E-01 -6.688928E-03  1.565030E-01 -1.743877E-03
  9.338890E-02  6.546331E-01 -6.930329E-03  1.622509E-01 -1.810863E-03
  9.817708E-02  6.787021E-01 -7.175381E-03  1.680857E-01 -1.879310E-03
  1.032108E-01  7.031697E-01 -7.423614E-03  1.739946E-01 -1.949137E-03
  1.085025E-01  7.279911E-01 -7.674499E-03  1.799627E-01 -2.020251E-03
  1.140656E-01  7.531157E-01 -7.927443E-03  1.859734E-01 -2.092539E-03
  1.199139E-01  7.784862E-01 -8.181788E-03  1.920077E-01 -2.165877E-03
  1.260621E-01  8.040387E-01 -8.436804E-03  1.980445E-01 -2.240120E-03
  1.325254E-01  8.297020E-01 -8.691693E-03  2.040601E-01 -2.315107E-03
  1.393202E-01  8.553978E-01 -8.945583E-03  2.100282E-01 -2.390658E-03
  1.464633E-01  8.810398E-01 -9.197527E-03  2.159199E-01 -2.466571E-03
  1.539727E-01  9.065343E-01 -9.446504E-03  2.217034E-01 -2.542627E-03
  1.618671E-01  9.317793E-01 -9.691416E-03  2.273437E-01 -2.618583E-03
  1.701662E-01  9.566651E-01 -9.931094E-03  2.328030E-01 -2.694173E-03
  1.788909E-01  9.810738E-01 -1.016429E-02  2.380399E-01 -2.769109E-03
  1.880628E-01  1.004880E+00 -1.038970E-02  2.430100E-01 -2.843083E-03
  1.977050E-01  1.027950E+00 -1.060593E-02  2.476653E-01 -2.915759E-03
  2.078416E-01  1.050143E+00 -1.081156E-02  2.519546E-01 -2.986781E-03
  2.184979E-01  1.071312E+00 -1.100508E-02  2.558230E-01 -3.055768E-03
  2.297006E-01  1.091304E+00 -1.118496E-02  2.592125E-01 -3.122319E-03
  2.414776E-01  1.109959E+00 -1.134963E-02  2.620615E-01 -3.186009E-03
  2.538585E-01  1.127116E+00 -1.149749E-02  2.643055E-01 -3.246394E-03
  2.668741E-01  1.142606E+00 -1.162694E-02  2.658767E-01 -3.303011E-03
  2.805571E-01  1.156263E+00 -1.173637E-02  2.667047E-01 -3.355379E-03
  2.949416E-01  1.167919E+00 -1.182421E-02  2.667165E-01 -3.403004E-03
  3.100636E-01  1.177405E+00 -1.188893E-02  2.658373E-01 -3.445378E-03
  3.259609E-01  1.184561E+00 -1.192904E-02  2.639903E-01 -3.481987E-03
  3.426734E-01  1.189227E+00 -1.194317E-02  2.610978E-01 -3.512311E-03
  3.602426E-01  1.191257E+00 -1.193003E-02  2.570819E-01 -3.535830E-03
  3.787127E-01  1.190510E+00 -1.188848E-02  2.518647E-01 -3.552026E-03
  3.981297E-01  1.186862E+00 -1.181753E-02  2.453697E-01 -3.560394E-03
  4.185423E-01  1.180204E+00 -1.171637E-02  2.375223E-01 -3.560442E-03
  4.400015E-01  1.170447E+00 -1.158443E-02  2.282515E-01 -3.551700E-03
  4.625609E-01  1.157522E+00 -1.142133E-02  2.174902E-01 -3.533727E-03
  4.862769E-01  1.141388E+00 -1.122699E-02  2.051773E-01 -3.506117E-03
  5.112089E-01  1.122026E+00 -1.100159E-02  1.912585E-01 -3.468506E-03
  5.374192E-01  1.099453E+00 -1.074562E-02  1.756881E-01 -3.420580E-03
  5.649733E-01  1.073713E+00 -1.045988E-02  1.584304E-01 -3.362086E-03
  5.939401E-01  1.044888E+00 -1.014551E-02  1.394611E-01 -3.292832E-03
  6.243921E-01  1.013092E+00 -9.803966E-03  1.187694E-01 -3.212704E-03
  6.564054E-01  9.784772E-01 -9.437062E-03  9.635945E-02 -3.121668E-03
  6.900601E-01  9.412315E-01 -9.046932E-03  7.225175E-02 -3.019777E-03
  7.254402E-01  9.015786E-01 -8.636029E-03  4.648518E-02 -2.907181E-03
  7.626344E-01  8.597768E-01 -8.207106E-03  1.911835E-02 -2.784130E-03
  8.017355E-01  8.161165E-01 -7.763187E-03 -9.768955E-03 -2.650981E-03
  8.428414E-01  7.709176E-01 -7.307529E-03 -4.007450E-02 -2.508201E-03
  8.860549E-01  7.245254E-01 -6.843584E-03 -7.167253E-02 -2.356371E-03
  9.314839E-01  6.773057E-01 -6.374944E-03 -1.044130E-01 -2.196185E-03
  9.792421E-01  6.296393E-01 -5.905287E-03 -1.381209E-01 -2.028454E-03
  1.029449E+00  5.819157E-01 -5.438315E-03 -1.725967E-01 -1.854100E-03
  1.082230E+00  5.345261E-01 -4.977686E-03 -2.076158E-01 -1.674154E-03
  1.137717E+00  4.878564E-01 -4.526952E-03 -2.429302E-01 -1.489749E-03
  1.196049E+00  4.422793E-01 -4.089484E-03 -2.782693E-01 -1.302114E-03
  1.257372E+00  3.981469E-01 -3.668409E-03 -3.133419E-01 -1.112563E-03
  1.321839E+00  3.557837E-01 -3.266549E-03 -3.478388E-01 -9.224803E-04
  1.389611E+00  3.154795E-01 -2.886362E-03 -3.814359E-01 -7.333084E-04
  1.460858E+00  2.774835E-01 -2.529899E-03 -4.137981E-01 -5.465302E-04
  1.535758E+00  2.419996E-01 -2.198763E-03 -4.445836E-01 -3.636497E-04
  1.614498E+00  2.091826E-01 -1.894088E-03 -4.734489E-01 -1.861721E-04
  1.697275E+00  1.791359E-01 -1.616527E-03 -5.000547E-01 -1.558053E-05
  1.784296E+00  1.519111E-01 -1.366255E-03 -5.240718E-01  1.466867E-04
  1.875779E+00  1.275086E-01 -1.142987E-03 -5.451877E-01  2.992610E-04
  1.971952E+00  1.058802E-01 -9.460100E-04 -5.631138E-01  4.408683E-04
  2.073056E+00  8.693350E-02 -7.742268E-04 -5.775916E-01  5.703535E-04
  2.179344E+00  7.053693E-02 -6.262095E-04 -5.884004E-01  6.867047E-04
  2.291082E+00  5.652625E-02 -5.002636E-04 -5.953638E-01  7.890755E-04
  2.408548E+00  4.471183E-02 -3.944948E-04 -5.983557E-01  8.768059E-04
  2.532037E+00  3.488622E-02 -3.068800E-04 -5.973062E-01  9.494397E-04
  2.661857E+00  2.683186E-02 -2.353358E-04 -5.922060E-01  1.006739E-03
  2.798334E+00  2.032843E-02 -1.777834E-04 -5.831100E-01  1.048695E-03
  2.941807E+00  1.515961E-02 -1.322068E-04 -5.701390E-01  1.075531E-03
  3.092637E+00  1.111888E-02 -9.670187E-05 -5.534806E-01  1.087705E-03
  3.251200E+00  8.014261E-03 -6.951440E-05 -5.333871E-01  1.085904E-03
  3.417893E+00  5.671744E-03 -4.906770E-05 -5.101727E-01  1.071029E-03
  3.593132E+00  3.937517E-03 -3.397817E-05 -4.842079E-01  1.044182E-03
  3.777355E+00  2.678934E-03 -2.306051E-05 -4.559119E-01  1.006635E-03
  3.971025E+00  1.784410E-03 -1.532365E-05 -4.257440E-01  9.598089E-04
  4.174623E+00  1.162403E-03 -9.959013E-06 -3.941922E-01  9.052321E-04
  4.388661E+00  7.397092E-04 -6.323300E-06 -3.617611E-01  8.445054E-04
  4.613673E+00  4.592977E-04 -3.917704E-06 -3.289591E-01  7.792604E-04
  4.850221E+00  2.779181E-04 -2.365593E-06 -2.962843E-01  7.111161E-04
  5.098897E+00  1.636671E-04 -1.390276E-06 -2.642113E-01  6.416371E-04
  5.360323E+00  9.367644E-05 -7.941773E-07 -2.331778E-01  5.722934E-04
  5.635153E+00  5.203504E-05 -4.403121E-07 -2.035736E-01  5.044229E-04
  5.924073E+00  2.800895E-05 -2.365751E-07 -1.757304E-01  4.392011E-04
  6.227807E+00  1.458606E-05 -1.229836E-07 -1.499144E-01  3.776156E-04
  6.547113E+00  7.336476E-06 -6.175361E-08 -1.263214E-01  3.204500E-04
  6.882791E+00  3.557748E-06 -2.989813E-08 -1.050750E-01  2.682756E-04
  7.235679E+00  1.660314E-06 -1.393095E-08 -8.622813E-02  2.214524E-04
  7.606661E+00  7.441805E-07 -6.234732E-09 -6.976659E-02  1.801386E-04
  7.996662E+00  3.196979E-07 -2.674573E-09 -5.561622E-02  1.443078E-04
  8.406660E+00  1.313486E-07 -1.097339E-09 -4.365165E-02  1.137732E-04
  8.837679E+00  5.149126E-08 -4.296105E-10 -3.370678E-02  8.821605E-05
  9.290796E+00  1.921345E-08 -1.601020E-10 -2.558620E-02  6.721759E-05
  9.767146E+00  6.806438E-09 -5.664804E-11 -1.907661E-02  5.029159E-05
  1.026792E+01  2.282909E-09 -1.897798E-11 -1.395786E-02  3.691584E-05
  1.079437E+01  0.000000E+00  0.000000E+00 -1.001275E-02  2.656078E-05
  1.134780E+01  0.000000E+00  0.000000E+00 -7.035216E-03  1.871380E-05
  1.192962E+01  0.000000E+00  0.000000E+00 -4.836605E-03  1.289838E-05
  1.254126E+01  0.000000E+00  0.000000E+00 -3.249891E-03  8.687484E-06
  1.318427E+01  0.000000E+00  0.000000E+00 -2.131879E-03  5.711446E-06
  1.386024E+01  0.000000E+00  0.000000E+00 -1.363630E-03  3.660766E-06
  1.457087E+01  0.000000E+00  0.000000E+00 -8.494086E-04  2.284672E-06
  1.531793E+01  0.000000E+00  0.000000E+00 -5.145658E-04  1.386515E-06
  1.610330E+01  0.000000E+00  0.000000E+00 -3.027305E-04  8.170818E-07
  1.692894E+01  0.000000E+00  0.000000E+00 -1.727099E-04  4.668804E-07
  1.779690E+01  0.000000E+00  0.000000E+00 -9.539938E-05  2.582676E-07
  1.870937E+01  0.000000E+00  0.000000E+00 -5.093620E-05  1.380853E-07
  1.966862E+01  0.000000E+00  0.000000E+00 -2.624270E-05  7.123432E-08
  2.067705E+01  0.000000E+00  0.000000E+00 -1.302269E-05  3.539217E-08
  2.173718E+01  0.000000E+00  0.000000E+00 -6.212545E-06  1.690328E-08
  2.285167E+01  0.000000E+00  0.000000E+00 -2.843404E-06  7.744713E-09
  2.402330E+01  0.000000E+00  0.000000E+00 -1.245901E-06  3.396946E-09
  2.525500E+01  0.000000E+00  0.000000E+00 -5.214711E-07  1.423143E-09
  2.654986E+01  0.000000E+00  0.000000E+00 -2.079938E-07  5.681439E-10
  2.791110E+01  0.000000E+00  0.000000E+00 -7.886020E-08  2.155924E-10
  2.934213E+01  0.000000E+00  0.000000E+00 -2.834672E-08  7.755780E-11
  3.084653E+01  0.000000E+00  0.000000E+00 -9.633098E-09  2.637646E-11
  3.242807E+01  0.000000E+00  0.000000E+00 -3.085680E-09  8.454956E-12
