        r(a.u)         P(1s)         Q(1s)         P(2s)         Q(2s)        P(2p-)        Q(2p-)         P(2p)         Q(2p)
  0.000000E+00  0.000000E+00  0.000000E+00  0.000000E+00  0.000000E+00  0.000000E+00  0.000000E+00  0.000000E+00  0.000000E+00
  1.025422E-08  6.185527E-07 -5.231305E-12  1.597373E-07 -1.351120E-12  3.593053E-14  3.642734E-09  3.368943E-15 -2.849593E-20
  2.103418E-08  1.268819E-06 -2.201182E-11  3.276644E-07 -5.685120E-12  1.511853E-13  7.472236E-09  1.417555E-14 -2.459528E-19
  3.236685E-08  1.952426E-06 -5.212012E-11  5.042014E-07 -1.346137E-11  3.579802E-13  1.149808E-08  3.356521E-14 -8.961402E-19
  4.428055E-08  2.671081E-06 -9.755074E-11  6.897896E-07 -2.519500E-11  6.700144E-13  1.573033E-08  6.282240E-14 -2.294636E-18
  5.680508E-08  3.426583E-06 -1.605384E-10  8.848932E-07 -4.146318E-11  1.102637E-12  2.017958E-08  1.033863E-13 -4.844358E-18
  6.997176E-08  4.220821E-06 -1.347948E-10  1.090000E-06 -3.481423E-11  9.258203E-13  2.485694E-08  1.568679E-13 -4.763022E-19
  8.381351E-08  5.055779E-06 -2.883076E-10  1.305623E-06 -7.446288E-11  1.980203E-12  2.977412E-08  2.250694E-13 -1.001281E-17
  9.836494E-08  5.933547E-06 -3.089143E-10  1.532301E-06 -7.978509E-11  2.121737E-12  3.494341E-08  3.100053E-13 -7.482707E-18
  1.136624E-07  6.856320E-06 -4.513067E-10  1.770601E-06 -1.165616E-10  3.099741E-12  4.037773E-08  4.139257E-13 -1.778076E-17
  1.297443E-07  7.826403E-06 -5.644954E-10  2.021118E-06 -1.457955E-10  3.877163E-12  4.609067E-08  5.393426E-13 -2.160954E-17
  1.466506E-07  8.846224E-06 -7.230855E-10  2.284481E-06 -1.867555E-10  4.966419E-12  5.209653E-08  6.890587E-13 -3.471920E-17
  1.644238E-07  9.918333E-06 -9.035042E-10  2.561346E-06 -2.333533E-10  6.205602E-12  5.841031E-08  8.661989E-13 -4.603309E-17
  1.831082E-07  1.104541E-05 -1.120572E-09  2.852406E-06 -2.894166E-10  7.696503E-12  6.504780E-08  1.074246E-12 -6.578166E-17
  2.027505E-07  1.223027E-05 -1.368157E-09  3.158389E-06 -3.533618E-10  9.397010E-12  7.202561E-08  1.317081E-12 -8.754468E-17
  2.234000E-07  1.347588E-05 -1.662274E-09  3.480061E-06 -4.293252E-10  1.141712E-11  7.936117E-08  1.599023E-12 -1.183467E-16
  2.451082E-07  1.478536E-05 -1.997200E-09  3.818224E-06 -5.158286E-10  1.371752E-11  8.707284E-08  1.924882E-12 -1.554010E-16
  2.679294E-07  1.616197E-05 -2.385962E-09  4.173726E-06 -6.162362E-10  1.638768E-11  9.517990E-08  2.300007E-12 -2.035619E-16
  2.919206E-07  1.760917E-05 -2.830853E-09  4.547455E-06 -7.311408E-10  1.944336E-11  1.037026E-07  2.730348E-12 -2.628658E-16
  3.171419E-07  1.913056E-05 -3.339919E-09  4.940345E-06 -8.626203E-10  2.293982E-11  1.126623E-07  3.222521E-12 -3.373214E-16
  3.436564E-07  2.072996E-05 -3.920803E-09  5.353379E-06 -1.012649E-09  2.692955E-11  1.220813E-07  3.783879E-12 -4.289967E-16
  3.715302E-07  2.241136E-05 -4.581706E-09  5.787590E-06 -1.183344E-09  3.146889E-11  1.319833E-07  4.422591E-12 -5.422026E-16
  4.008332E-07  2.417897E-05 -5.332041E-09  6.244063E-06 -1.377137E-09  3.662248E-11  1.423930E-07  5.147731E-12 -6.807834E-16
  4.316386E-07  2.603720E-05 -6.182441E-09  6.723940E-06 -1.596775E-09  4.246335E-11  1.533364E-07  5.969377E-12 -8.501695E-16
  4.640234E-07  2.799071E-05 -7.144207E-09  7.228421E-06 -1.845176E-09  4.906915E-11  1.648408E-07  6.898715E-12 -1.056199E-15
  4.980686E-07  3.004438E-05 -8.230398E-09  7.758767E-06 -2.125713E-09  5.652953E-11  1.769351E-07  7.948163E-12 -1.306170E-15
  5.338593E-07  3.220334E-05 -9.455179E-09  8.316305E-06 -2.442044E-09  6.494182E-11  1.896495E-07  9.131500E-12 -1.608446E-15
  5.714851E-07  3.447299E-05 -1.083438E-08  8.902428E-06 -2.798258E-09  7.441472E-11  2.030158E-07  1.046401E-11 -1.973064E-15
  6.110400E-07  3.685901E-05 -1.238557E-08  9.518602E-06 -3.198894E-09  8.506897E-11  2.170673E-07  1.196266E-11 -2.411750E-15
  6.526229E-07  3.936736E-05 -1.412820E-08  1.016637E-05 -3.648972E-09  9.703805E-11  2.318393E-07  1.364624E-11 -2.938387E-15
  6.963378E-07  4.200432E-05 -1.608385E-08  1.084735E-05 -4.154068E-09  1.104703E-10  2.473687E-07  1.553561E-11 -3.569272E-15
  7.422940E-07  4.477648E-05 -1.827644E-08  1.156324E-05 -4.720362E-09  1.255299E-10  2.636943E-07  1.765389E-11 -4.323601E-15
  7.906065E-07  4.769077E-05 -2.073248E-08  1.231584E-05 -5.354699E-09  1.423991E-10  2.808569E-07  2.002669E-11 -5.223917E-15
  8.413960E-07  5.075448E-05 -2.348137E-08  1.310702E-05 -6.064670E-09  1.612797E-10  2.988995E-07  2.268241E-11 -6.296713E-15
  8.947895E-07  5.397526E-05 -2.655567E-08  1.393877E-05 -6.858686E-09  1.823954E-10  3.178671E-07  2.565253E-11 -7.573075E-15
  9.509205E-07  5.736118E-05 -2.999144E-08  1.481316E-05 -7.746063E-09  2.059939E-10  3.378072E-07  2.897189E-11 -9.089482E-15
  1.009929E-06  6.092070E-05 -3.382866E-08  1.573238E-05 -8.737124E-09  2.323497E-10  3.587697E-07  3.267913E-11 -1.088870E-14
  1.071964E-06  6.466272E-05 -3.811158E-08  1.669873E-05 -9.843299E-09  2.617670E-10  3.808069E-07  3.681702E-11 -1.302085E-14
  1.137179E-06  6.859660E-05 -4.288923E-08  1.771463E-05 -1.107725E-08  2.945823E-10  4.039740E-07  4.143295E-11 -1.554465E-14
  1.205738E-06  7.273217E-05 -4.821590E-08  1.878262E-05 -1.245300E-08  3.311687E-10  4.283289E-07  4.657939E-11 -1.852882E-14
  1.277811E-06  7.707977E-05 -5.415168E-08  1.990536E-05 -1.398607E-08  3.719389E-10  4.539325E-07  5.231445E-11 -2.205384E-14
  1.353580E-06  8.165028E-05 -6.076313E-08  2.108566E-05 -1.569365E-08  4.173501E-10  4.808488E-07  5.870245E-11 -2.621380E-14
  1.433234E-06  8.645512E-05 -6.812391E-08  2.232648E-05 -1.759476E-08  4.679084E-10  5.091451E-07  6.581462E-11 -3.111877E-14
  1.516972E-06  9.150631E-05 -7.631556E-08  2.363092E-05 -1.971046E-08  5.241737E-10  5.388922E-07  7.372981E-11 -3.689743E-14
  1.605003E-06  9.681648E-05 -8.542833E-08  2.500223E-05 -2.206407E-08  5.867661E-10  5.701644E-07  8.253529E-11 -4.370012E-14
  1.697547E-06  1.023989E-04 -9.556208E-08  2.644386E-05 -2.468137E-08  6.563717E-10  6.030400E-07  9.232765E-11 -5.170250E-14
  1.794836E-06  1.082675E-04 -1.068273E-07  2.795940E-05 -2.759092E-08  7.337496E-10  6.376011E-07  1.032138E-10 -6.110973E-14
  1.897114E-06  1.144371E-04 -1.193464E-07  2.955264E-05 -3.082429E-08  8.197402E-10  6.739342E-07  1.153121E-10 -7.216132E-14
  2.004635E-06  1.209229E-04 -1.332546E-07  3.122756E-05 -3.441644E-08  9.152728E-10  7.121301E-07  1.287534E-10 -8.513685E-14
  2.117669E-06  1.277413E-04 -1.487016E-07  3.298836E-05 -3.840602E-08  1.021376E-09  7.522844E-07  1.436826E-10 -1.003626E-13
  2.236499E-06  1.349092E-04 -1.658529E-07  3.483944E-05 -4.283580E-08  1.139187E-09  7.944973E-07  1.602600E-10 -1.182191E-13
  2.361421E-06  1.424447E-04 -1.848918E-07  3.678542E-05 -4.775308E-08  1.269965E-09  8.388745E-07  1.786629E-10 -1.391504E-13
  2.492748E-06  1.503665E-04 -2.060208E-07  3.883117E-05 -5.321019E-08  1.415101E-09  8.855270E-07  1.990876E-10 -1.636741E-13
  2.630808E-06  1.586944E-04 -2.294639E-07  4.098181E-05 -5.926499E-08  1.576135E-09  9.345713E-07  2.217511E-10 -1.923937E-13
  2.775946E-06  1.674493E-04 -2.554690E-07  4.324271E-05 -6.598147E-08  1.754769E-09  9.861301E-07  2.468935E-10 -2.260128E-13
  2.928526E-06  1.766531E-04 -2.843100E-07  4.561953E-05 -7.343039E-08  1.952886E-09  1.040332E-06  2.747803E-10 -2.653511E-13
  3.088929E-06  1.863288E-04 -3.162897E-07  4.811821E-05 -8.168999E-08  2.172568E-09  1.097313E-06  3.057054E-10 -3.113639E-13
  3.257556E-06  1.965005E-04 -3.517432E-07  5.074499E-05 -9.084676E-08  2.416116E-09  1.157216E-06  3.399937E-10 -3.651639E-13
  3.434829E-06  2.071937E-04 -3.910406E-07  5.350644E-05 -1.009963E-07  2.686076E-09  1.220190E-06  3.780046E-10 -4.280471E-13
  3.621191E-06  2.184351E-04 -4.345911E-07  5.640947E-05 -1.122444E-07  2.985259E-09  1.286392E-06  4.201356E-10 -5.015227E-13
  3.817107E-06  2.302529E-04 -4.828472E-07  5.946134E-05 -1.247078E-07  3.316776E-09  1.355988E-06  4.668262E-10 -5.873481E-13
  4.023069E-06  2.426766E-04 -5.363086E-07  6.266967E-05 -1.385156E-07  3.684063E-09  1.429153E-06  5.185626E-10 -6.875687E-13
  4.239590E-06  2.557372E-04 -5.955279E-07  6.604248E-05 -1.538105E-07  4.090919E-09  1.506068E-06  5.758824E-10 -8.045654E-13
  4.467213E-06  2.694674E-04 -6.611154E-07  6.958822E-05 -1.707501E-07  4.541540E-09  1.586927E-06  6.393800E-10 -9.411089E-13
  4.706506E-06  2.839015E-04 -7.337454E-07  7.331573E-05 -1.895087E-07  5.040565E-09  1.671931E-06  7.097129E-10 -1.100423E-12
  4.958068E-06  2.990756E-04 -8.141630E-07  7.723435E-05 -2.102787E-07  5.593118E-09  1.761294E-06  7.876079E-10 -1.286257E-12
  5.222528E-06  3.150276E-04 -9.031909E-07  8.135386E-05 -2.332724E-07  6.204858E-09  1.855237E-06  8.738689E-10 -1.502974E-12
  5.500547E-06  3.317974E-04 -1.001738E-06  8.568456E-05 -2.587247E-07  6.882038E-09  1.953997E-06  9.693845E-10 -1.755646E-12
  5.792820E-06  3.494270E-04 -1.110807E-06  9.023728E-05 -2.868947E-07  7.631564E-09  2.057819E-06  1.075137E-09 -2.050170E-12
  6.100078E-06  3.679603E-04 -1.231506E-06  9.502339E-05 -3.180684E-07  8.461059E-09  2.166965E-06  1.192214E-09 -2.393404E-12
  6.423090E-06  3.874438E-04 -1.365058E-06  1.000549E-04 -3.525617E-07  9.378943E-09  2.281705E-06  1.321816E-09 -2.793315E-12
  6.762663E-06  4.079260E-04 -1.512812E-06  1.053443E-04 -3.907230E-07  1.039451E-08  2.402328E-06  1.465270E-09 -3.259163E-12
  7.119647E-06  4.294582E-04 -1.676257E-06  1.109048E-04 -4.329369E-07  1.151801E-08  2.529134E-06  1.624046E-09 -3.801708E-12
  7.494933E-06  4.520943E-04 -1.857035E-06  1.167504E-04 -4.796275E-07  1.276076E-08  2.662440E-06  1.799767E-09 -4.433446E-12
  7.889461E-06  4.758907E-04 -2.056957E-06  1.228957E-04 -5.312625E-07  1.413525E-08  2.802580E-06  1.994227E-09 -5.168888E-12
  8.304216E-06  5.009069E-04 -2.278020E-06  1.293560E-04 -5.883577E-07  1.565525E-08  2.949904E-06  2.209410E-09 -6.024882E-12
  8.740237E-06  5.272054E-04 -2.522423E-06  1.361474E-04 -6.514813E-07  1.733594E-08  3.104779E-06  2.447510E-09 -7.020986E-12
  9.198613E-06  5.548519E-04 -2.792592E-06  1.432870E-04 -7.212595E-07  1.919405E-08  3.267593E-06  2.710950E-09 -8.179890E-12
  9.680490E-06  5.839156E-04 -3.091196E-06  1.507924E-04 -7.983818E-07  2.124803E-08  3.438752E-06  3.002412E-09 -9.527918E-12
  1.018707E-05  6.144688E-04 -3.421175E-06  1.586826E-04 -8.836074E-07  2.351818E-08  3.618684E-06  3.324859E-09 -1.109559E-11
  1.071963E-05  6.465881E-04 -3.785761E-06  1.669772E-04 -9.777714E-07  2.602688E-08  3.807839E-06  3.681564E-09 -1.291831E-11
  1.127949E-05  6.803535E-04 -4.188512E-06  1.756969E-04 -1.081792E-06  2.879872E-08  4.006688E-06  4.076150E-09 -1.503705E-11
  1.186806E-05  7.158495E-04 -4.633336E-06  1.848635E-04 -1.196680E-06  3.186080E-08  4.215728E-06  4.512618E-09 -1.749933E-11
  1.248680E-05  7.531645E-04 -5.124527E-06  1.944999E-04 -1.323543E-06  3.524288E-08  4.435480E-06  4.995392E-09 -2.036012E-11
  1.313727E-05  7.923917E-04 -5.666795E-06  2.046301E-04 -1.463598E-06  3.897766E-08  4.666495E-06  5.529362E-09 -2.368305E-11
  1.382108E-05  8.336291E-04 -6.265309E-06  2.152794E-04 -1.618180E-06  4.310105E-08  4.909347E-06  6.119933E-09 -2.754170E-11
  1.453996E-05  8.769795E-04 -6.925730E-06  2.264743E-04 -1.788751E-06  4.765246E-08  5.164643E-06  6.773079E-09 -3.202111E-11
  1.529569E-05  9.225510E-04 -7.654256E-06  2.382429E-04 -1.976913E-06  5.267507E-08  5.433019E-06  7.495405E-09 -3.721950E-11
  1.609017E-05  9.704573E-04 -8.457661E-06  2.506144E-04 -2.184413E-06  5.821618E-08  5.715146E-06  8.294209E-09 -4.325022E-11
  1.692539E-05  1.020818E-03 -9.343343E-06  2.636197E-04 -2.413165E-06  6.432754E-08  6.011725E-06  9.177559E-09 -5.024399E-11
  1.780343E-05  1.073758E-03 -1.031937E-05  2.772912E-04 -2.665250E-06  7.106568E-08  6.323498E-06  1.015437E-08 -5.835137E-11
  1.872648E-05  1.129410E-03 -1.139452E-05  2.916629E-04 -2.942936E-06  7.849231E-08  6.651240E-06  1.123450E-08 -6.774565E-11
  1.969686E-05  1.187913E-03 -1.257833E-05  3.067708E-04 -3.248688E-06  8.667465E-08  6.995767E-06  1.242884E-08 -7.862600E-11
  2.071700E-05  1.249411E-03 -1.388115E-05  3.226523E-04 -3.585177E-06  9.568582E-08  7.357939E-06  1.374943E-08 -9.122107E-11
  2.178943E-05  1.314058E-03 -1.531416E-05  3.393471E-04 -3.955292E-06  1.056052E-07  7.738656E-06  1.520958E-08 -1.057929E-10
  2.291686E-05  1.382015E-03 -1.688944E-05  3.568966E-04 -4.362152E-06  1.165187E-07  8.138866E-06  1.682399E-08 -1.226414E-10
  2.410208E-05  1.453452E-03 -1.861996E-05  3.753446E-04 -4.809107E-06  1.285194E-07  8.559563E-06  1.860892E-08 -1.421091E-10
  2.534808E-05  1.528544E-03 -2.051963E-05  3.947368E-04 -5.299751E-06  1.417072E-07  9.001795E-06  2.058232E-08 -1.645864E-10
  2.665796E-05  1.607480E-03 -2.260329E-05  4.151215E-04 -5.837914E-06  1.561898E-07  9.466660E-06  2.276404E-08 -1.905171E-10
  2.803499E-05  1.690456E-03 -2.488669E-05  4.365493E-04 -6.427669E-06  1.720821E-07  9.955313E-06  2.517604E-08 -2.204045E-10
  2.948263E-05  1.777676E-03 -2.738648E-05  4.590733E-04 -7.073312E-06  1.895067E-07  1.046897E-05  2.784254E-08 -2.548178E-10
  3.100449E-05  1.869358E-03 -3.012011E-05  4.827496E-04 -7.779351E-06  2.085936E-07  1.100890E-05  3.079035E-08 -2.943979E-10
  3.260438E-05  1.965728E-03 -3.310574E-05  5.076367E-04 -8.550480E-06  2.294797E-07  1.157644E-05  3.404907E-08 -3.398642E-10
  3.428630E-05  2.067027E-03 -3.636212E-05  5.337964E-04 -9.391539E-06  2.523086E-07  1.217300E-05  3.765143E-08 -3.920201E-10
  3.605445E-05  2.173504E-03 -3.990834E-05  5.612935E-04 -1.030746E-05  2.772295E-07  1.280007E-05  4.163359E-08 -4.517588E-10
  3.791325E-05  2.285424E-03 -4.376365E-05  5.901960E-04 -1.130322E-05  3.043961E-07  1.345919E-05  4.603551E-08 -5.200669E-10
  3.986736E-05  2.403063E-03 -4.794706E-05  6.205755E-04 -1.238372E-05  3.339652E-07  1.415199E-05  5.090136E-08 -5.980281E-10
  4.192166E-05  2.526713E-03 -5.247705E-05  6.525072E-04 -1.355374E-05  3.660950E-07  1.488019E-05  5.627992E-08 -6.868233E-10
  4.408128E-05  2.656679E-03 -5.737107E-05  6.860701E-04 -1.481779E-05  4.009430E-07  1.564559E-05  6.222514E-08 -7.877299E-10
  4.635163E-05  2.793282E-03 -6.264512E-05  7.213471E-04 -1.617999E-05  4.386639E-07  1.645009E-05  6.879660E-08 -9.021177E-10
  4.873839E-05  2.936861E-03 -6.831326E-05  7.584254E-04 -1.764400E-05  4.794070E-07  1.729567E-05  7.606017E-08 -1.031444E-09
  5.124751E-05  3.087771E-03 -7.438717E-05  7.973967E-04 -1.921281E-05  5.233151E-07  1.818444E-05  8.408862E-08 -1.177244E-09
  5.388528E-05  3.246384E-03 -8.087583E-05  8.383574E-04 -2.088876E-05  5.705224E-07  1.911857E-05  9.296239E-08 -1.341129E-09
  5.665829E-05  3.413092E-03 -8.778543E-05  8.814088E-04 -2.267345E-05  6.211555E-07  2.010040E-05  1.027704E-07 -1.524776E-09
  5.957348E-05  3.588309E-03 -9.511942E-05  9.266573E-04 -2.456776E-05  6.753342E-07  2.113234E-05  1.136107E-07 -1.729939E-09
  6.263813E-05  3.772467E-03 -1.028790E-04  9.742149E-04 -2.657202E-05  7.331754E-07  2.221696E-05  1.255921E-07 -1.958451E-09
  6.585991E-05  3.966022E-03 -1.110638E-04  1.024199E-03 -2.868613E-05  7.947985E-07  2.335694E-05  1.388343E-07 -2.212255E-09
  6.924688E-05  4.169454E-03 -1.196728E-04  1.076734E-03 -3.090984E-05  8.603322E-07  2.455512E-05  1.534701E-07 -2.493439E-09
  7.280749E-05  4.383265E-03 -1.287057E-04  1.131950E-03 -3.324306E-05  9.299223E-07  2.581444E-05  1.696458E-07 -2.804281E-09
  7.655067E-05  4.607986E-03 -1.381635E-04  1.189982E-03 -3.568607E-05  1.003739E-06  2.713806E-05  1.875234E-07 -3.147310E-09
  8.048576E-05  4.844172E-03 -1.480498E-04  1.250975E-03 -3.823980E-05  1.081985E-06  2.852923E-05  2.072819E-07 -3.525357E-09
  8.462261E-05  5.092408E-03 -1.583712E-04  1.315081E-03 -4.090598E-05  1.164900E-06  2.999142E-05  2.291188E-07 -3.941621E-09
  8.897155E-05  5.353308E-03 -1.691380E-04  1.382457E-03 -4.368723E-05  1.252764E-06  3.152824E-05  2.532526E-07 -4.399722E-09
  9.354348E-05  5.627519E-03 -1.803639E-04  1.453270E-03 -4.658713E-05  1.345903E-06  3.314351E-05  2.799249E-07 -4.903753E-09
  9.834981E-05  5.915718E-03 -1.920663E-04  1.527695E-03 -4.961018E-05  1.444690E-06  3.484124E-05  3.094024E-07 -5.458335E-09
  1.034026E-04  6.218618E-03 -2.042660E-04  1.605917E-03 -5.276177E-05  1.549547E-06  3.662562E-05  3.419799E-07 -6.068659E-09
  1.087144E-04  6.536968E-03 -2.169870E-04  1.688128E-03 -5.604808E-05  1.660943E-06  3.850109E-05  3.779832E-07 -6.740542E-09
  1.142985E-04  6.871554E-03 -2.302562E-04  1.774533E-03 -5.947609E-05  1.779401E-06  4.047227E-05  4.177723E-07 -7.480476E-09
  1.201690E-04  7.223204E-03 -2.441031E-04  1.865344E-03 -6.305341E-05  1.905499E-06  4.254407E-05  4.617450E-07 -8.295685E-09
  1.263405E-04  7.592786E-03 -2.585595E-04  1.960786E-03 -6.678831E-05  2.039868E-06  4.472159E-05  5.103410E-07 -9.194191E-09
  1.328283E-04  7.981212E-03 -2.736597E-04  2.061094E-03 -7.068962E-05  2.183203E-06  4.701024E-05  5.640459E-07 -1.018488E-08
  1.396488E-04  8.389440E-03 -2.894400E-04  2.166516E-03 -7.476674E-05  2.336259E-06  4.941568E-05  6.233964E-07 -1.127759E-08
  1.468190E-04  8.818479E-03 -3.059385E-04  2.277312E-03 -7.902956E-05  2.499862E-06  5.194386E-05  6.889858E-07 -1.248319E-08
  1.543569E-04  9.269385E-03 -3.231957E-04  2.393755E-03 -8.348851E-05  2.674914E-06  5.460102E-05  7.614693E-07 -1.381370E-08
  1.622812E-04  9.743270E-03 -3.412537E-04  2.516132E-03 -8.815454E-05  2.862395E-06  5.739375E-05  8.415711E-07 -1.528238E-08
  1.706118E-04  1.024130E-02 -3.601570E-04  2.644745E-03 -9.303914E-05  3.063377E-06  6.032893E-05  9.300914E-07 -1.690390E-08
  1.793695E-04  1.076470E-02 -3.799521E-04  2.779910E-03 -9.815433E-05  3.279029E-06  6.341382E-05  1.027914E-06 -1.869442E-08
  1.885762E-04  1.131477E-02 -4.006875E-04  2.921960E-03 -1.035127E-04  3.510624E-06  6.665604E-05  1.136017E-06 -2.067183E-08
  1.982549E-04  1.189285E-02 -4.224143E-04  3.071244E-03 -1.091275E-04  3.759555E-06  7.006360E-05  1.255479E-06 -2.285586E-08
  2.084299E-04  1.250036E-02 -4.451858E-04  3.228129E-03 -1.150124E-04  4.027344E-06  7.364490E-05  1.387493E-06 -2.526829E-08
  2.191266E-04  1.313880E-02 -4.690579E-04  3.393001E-03 -1.211821E-04  4.315652E-06  7.740878E-05  1.533376E-06 -2.793319E-08
  2.303717E-04  1.380973E-02 -4.940892E-04  3.566265E-03 -1.276516E-04  4.626297E-06  8.136452E-05  1.694586E-06 -3.087715E-08
  2.421934E-04  1.451481E-02 -5.203411E-04  3.748344E-03 -1.344369E-04  4.961269E-06  8.552186E-05  1.872731E-06 -3.412953E-08
  2.546212E-04  1.525575E-02 -5.478778E-04  3.939687E-03 -1.415546E-04  5.322744E-06  8.989106E-05  2.069588E-06 -3.772276E-08
  2.676862E-04  1.603438E-02 -5.767668E-04  4.140761E-03 -1.490222E-04  5.713105E-06  9.448287E-05  2.287122E-06 -4.169265E-08
  2.814210E-04  1.685260E-02 -6.070787E-04  4.352059E-03 -1.568580E-04  6.134962E-06  9.930858E-05  2.527504E-06 -4.607879E-08
  2.958600E-04  1.771241E-02 -6.388876E-04  4.574098E-03 -1.650812E-04  6.591177E-06  1.043801E-04  2.793130E-06 -5.092489E-08
  3.110393E-04  1.861591E-02 -6.722710E-04  4.807420E-03 -1.737120E-04  7.084885E-06  1.097098E-04  3.086650E-06 -5.627922E-08
  3.269969E-04  1.956532E-02 -7.073105E-04  5.052595E-03 -1.827715E-04  7.619524E-06  1.153109E-04  3.410991E-06 -6.219513E-08
  3.437726E-04  2.056294E-02 -7.440914E-04  5.310220E-03 -1.922818E-04  8.198867E-06  1.211971E-04  3.769386E-06 -6.873154E-08
  3.614085E-04  2.161120E-02 -7.827031E-04  5.580925E-03 -2.022661E-04  8.827053E-06  1.273828E-04  4.165408E-06 -7.595352E-08
  3.799485E-04  2.271267E-02 -8.232395E-04  5.865367E-03 -2.127488E-04  9.508622E-06  1.338832E-04  4.603004E-06 -8.393298E-08
  3.994392E-04  2.387001E-02 -8.657990E-04  6.164239E-03 -2.237555E-04  1.024856E-05  1.407143E-04  5.086534E-06 -9.274933E-08
  4.199291E-04  2.508603E-02 -9.104848E-04  6.478265E-03 -2.353130E-04  1.105235E-05  1.478927E-04  5.620815E-06 -1.024903E-07
  4.414696E-04  2.636370E-02 -9.574051E-04  6.808209E-03 -2.474494E-04  1.192600E-05  1.554360E-04  6.211168E-06 -1.132527E-07
  4.641145E-04  2.770609E-02 -1.006673E-03  7.154869E-03 -2.601941E-04  1.287612E-05  1.633627E-04  6.863473E-06 -1.251437E-07
  4.879204E-04  2.911647E-02 -1.058408E-03  7.519083E-03 -2.735781E-04  1.390998E-05  1.716921E-04  7.584223E-06 -1.382815E-07
  5.129469E-04  3.059824E-02 -1.112735E-03  7.901732E-03 -2.876339E-04  1.503555E-05  1.804445E-04  8.380593E-06 -1.527965E-07
  5.392565E-04  3.215496E-02 -1.169783E-03  8.303738E-03 -3.023954E-04  1.626162E-05  1.896413E-04  9.260507E-06 -1.688330E-07
  5.669150E-04  3.379040E-02 -1.229691E-03  8.726070E-03 -3.178983E-04  1.759784E-05  1.993048E-04  1.023272E-05 -1.865504E-07
  5.959916E-04  3.550848E-02 -1.292602E-03  9.169742E-03 -3.341801E-04  1.905481E-05  2.094586E-04  1.130690E-05 -2.061244E-07
  6.265590E-04  3.731332E-02 -1.358667E-03  9.635820E-03 -3.512800E-04  2.064422E-05  2.201273E-04  1.249373E-05 -2.277494E-07
  6.586936E-04  3.920926E-02 -1.428042E-03  1.012542E-02 -3.692390E-04  2.237892E-05  2.313368E-04  1.380500E-05 -2.516398E-07
  6.924758E-04  4.120082E-02 -1.500894E-03  1.063971E-02 -3.881004E-04  2.427303E-05  2.431143E-04  1.525375E-05 -2.780327E-07
  7.279901E-04  4.329275E-02 -1.577396E-03  1.117992E-02 -4.079093E-04  2.634211E-05  2.554883E-04  1.685437E-05 -3.071896E-07
  7.653252E-04  4.549004E-02 -1.657730E-03  1.174734E-02 -4.287131E-04  2.860329E-05  2.684886E-04  1.862275E-05 -3.393994E-07
  8.045745E-04  4.779790E-02 -1.742085E-03  1.234331E-02 -4.505615E-04  3.107541E-05  2.821466E-04  2.057644E-05 -3.749812E-07
  8.458361E-04  5.022181E-02 -1.830660E-03  1.296924E-02 -4.735065E-04  3.377922E-05  2.964953E-04  2.273484E-05 -4.142871E-07
  8.892133E-04  5.276749E-02 -1.923664E-03  1.362662E-02 -4.976027E-04  3.673756E-05  3.115691E-04  2.511936E-05 -4.577060E-07
  9.348145E-04  5.544094E-02 -2.021315E-03  1.431699E-02 -5.229072E-04  3.997560E-05  3.274042E-04  2.775363E-05 -5.056673E-07
  9.827538E-04  5.824844E-02 -2.123843E-03  1.504197E-02 -5.494799E-04  4.352104E-05  3.440386E-04  3.066377E-05 -5.586449E-07
  1.033151E-03  6.119659E-02 -2.231485E-03  1.580327E-02 -5.773834E-04  4.740439E-05  3.615120E-04  3.387861E-05 -6.171622E-07
  1.086132E-03  6.429226E-02 -2.344492E-03  1.660266E-02 -6.066834E-04  5.165925E-05  3.798662E-04  3.742998E-05 -6.817967E-07
  1.141829E-03  6.754266E-02 -2.463126E-03  1.744200E-02 -6.374486E-04  5.632266E-05  3.991449E-04  4.135303E-05 -7.531860E-07
  1.200382E-03  7.095533E-02 -2.587660E-03  1.832324E-02 -6.697510E-04  6.143538E-05  4.193939E-04  4.568657E-05 -8.320340E-07
  1.261938E-03  7.453817E-02 -2.718381E-03  1.924842E-02 -7.036659E-04  6.704235E-05  4.406611E-04  5.047344E-05 -9.191172E-07
  1.326649E-03  7.829943E-02 -2.855588E-03  2.021966E-02 -7.392720E-04  7.319305E-05  4.629969E-04  5.576094E-05 -1.015293E-06
  1.394678E-03  8.224772E-02 -2.999593E-03  2.123919E-02 -7.766518E-04  7.994203E-05  4.864539E-04  6.160128E-05 -1.121507E-06
  1.466195E-03  8.639208E-02 -3.150724E-03  2.230935E-02 -8.158915E-04  8.734935E-05  5.110873E-04  6.805211E-05 -1.238804E-06
  1.541378E-03  9.074191E-02 -3.309320E-03  2.343255E-02 -8.570811E-04  9.548123E-05  5.369549E-04  7.517704E-05 -1.368334E-06
  1.620417E-03  9.530706E-02 -3.475739E-03  2.461134E-02 -9.003150E-04  1.044106E-04  5.641172E-04  8.304629E-05 -1.511369E-06
  1.703508E-03  1.000978E-01 -3.650351E-03  2.584836E-02 -9.456915E-04  1.142178E-04  5.926373E-04  9.173737E-05 -1.669311E-06
  1.790859E-03  1.051249E-01 -3.833545E-03  2.714640E-02 -9.933135E-04  1.249915E-04  6.225816E-04  1.013358E-04 -1.843706E-06
  1.882688E-03  1.103994E-01 -4.025724E-03  2.850832E-02 -1.043288E-03  1.368291E-04  6.540193E-04  1.119359E-04 -2.036259E-06
  1.979226E-03  1.159332E-01 -4.227310E-03  2.993715E-02 -1.095728E-03  1.498382E-04  6.870229E-04  1.236419E-04 -2.248852E-06
  2.080713E-03  1.217382E-01 -4.438741E-03  3.143602E-02 -1.150750E-03  1.641374E-04  7.216681E-04  1.365687E-04 -2.483559E-06
  2.187404E-03  1.278273E-01 -4.660474E-03  3.300820E-02 -1.208476E-03  1.798570E-04  7.580340E-04  1.508430E-04 -2.742668E-06
  2.299565E-03  1.342137E-01 -4.892986E-03  3.465709E-02 -1.269033E-03  1.971409E-04  7.962035E-04  1.666047E-04 -3.028700E-06
  2.417476E-03  1.409109E-01 -5.136770E-03  3.638624E-02 -1.332554E-03  2.161477E-04  8.362630E-04  1.840080E-04 -3.344437E-06
  2.541433E-03  1.479335E-01 -5.392340E-03  3.819933E-02 -1.399177E-03  2.370517E-04  8.783027E-04  2.032230E-04 -3.692943E-06
  2.671745E-03  1.552962E-01 -5.660231E-03  4.010019E-02 -1.469046E-03  2.600454E-04  9.224168E-04  2.244374E-04 -4.077596E-06
  2.808739E-03  1.630144E-01 -5.940998E-03  4.209280E-02 -1.542311E-03  2.853406E-04  9.687037E-04  2.478581E-04 -4.502118E-06
  2.952756E-03  1.711042E-01 -6.235214E-03  4.418129E-02 -1.619127E-03  3.131706E-04  1.017266E-03  2.737132E-04 -4.970611E-06
  3.104158E-03  1.795823E-01 -6.543477E-03  4.636994E-02 -1.699656E-03  3.437925E-04  1.068210E-03  3.022542E-04 -5.487592E-06
  3.263321E-03  1.884659E-01 -6.866404E-03  4.866320E-02 -1.784066E-03  3.774893E-04  1.121648E-03  3.337584E-04 -6.058039E-06
  3.430646E-03  1.977729E-01 -7.204634E-03  5.106567E-02 -1.872533E-03  4.145728E-04  1.177696E-03  3.685313E-04 -6.687434E-06
  3.606549E-03  2.075217E-01 -7.558827E-03  5.358210E-02 -1.965236E-03  4.553862E-04  1.236475E-03  4.069096E-04 -7.381811E-06
  3.791471E-03  2.177315E-01 -7.929666E-03  5.621741E-02 -2.062364E-03  5.003074E-04  1.298109E-03  4.492645E-04 -8.147815E-06
  3.985874E-03  2.284221E-01 -8.317853E-03  5.897667E-02 -2.164111E-03  5.497525E-04  1.362731E-03  4.960048E-04 -8.992760E-06
  4.190244E-03  2.396139E-01 -8.724115E-03  6.186514E-02 -2.270678E-03  6.041796E-04  1.430475E-03  5.475807E-04 -9.924694E-06
  4.405093E-03  2.513278E-01 -9.149197E-03  6.488818E-02 -2.382272E-03  6.640926E-04  1.501484E-03  6.044882E-04 -1.095247E-05
  4.630957E-03  2.635855E-01 -9.593865E-03  6.805136E-02 -2.499110E-03  7.300462E-04  1.575903E-03  6.672735E-04 -1.208584E-05
  4.868402E-03  2.764093E-01 -1.005891E-02  7.136037E-02 -2.621412E-03  8.026508E-04  1.653885E-03  7.365379E-04 -1.333550E-05
  5.118020E-03  2.898219E-01 -1.054513E-02  7.482106E-02 -2.749405E-03  8.825778E-04  1.735587E-03  8.129433E-04 -1.471325E-05
  5.380437E-03  3.038467E-01 -1.105335E-02  7.843939E-02 -2.883326E-03  9.705657E-04  1.821171E-03  8.972180E-04 -1.623202E-05
  5.656308E-03  3.185077E-01 -1.158442E-02  8.222148E-02 -3.023416E-03  1.067427E-03  1.910807E-03  9.901634E-04 -1.790604E-05
  5.946324E-03  3.338293E-01 -1.213919E-02  8.617355E-02 -3.169921E-03  1.174053E-03  2.004669E-03  1.092661E-03 -1.975094E-05
  6.251209E-03  3.498363E-01 -1.271853E-02  9.030194E-02 -3.323096E-03  1.291427E-03  2.102937E-03  1.205681E-03 -2.178389E-05
  6.571725E-03  3.665541E-01 -1.332332E-02  9.461307E-02 -3.483199E-03  1.420627E-03  2.205796E-03  1.330290E-03 -2.402374E-05
  6.908675E-03  3.840083E-01 -1.395446E-02  9.911345E-02 -3.650497E-03  1.562838E-03  2.313438E-03  1.467658E-03 -2.649116E-05
  7.262901E-03  4.022249E-01 -1.461285E-02  1.038096E-01 -3.825257E-03  1.719362E-03  2.426058E-03  1.619074E-03 -2.920887E-05
  7.635288E-03  4.212299E-01 -1.529937E-02  1.087082E-01 -4.007755E-03  1.891628E-03  2.543860E-03  1.785953E-03 -3.220173E-05
  8.026767E-03  4.410496E-01 -1.601495E-02  1.138157E-01 -4.198267E-03  2.081205E-03  2.667049E-03  1.969848E-03 -3.549705E-05
  8.438319E-03  4.617102E-01 -1.676047E-02  1.191388E-01 -4.397075E-03  2.289816E-03  2.795838E-03  2.172466E-03 -3.912473E-05
  8.870971E-03  4.832380E-01 -1.753682E-02  1.246839E-01 -4.604461E-03  2.519351E-03  2.930445E-03  2.395679E-03 -4.311752E-05
  9.325806E-03  5.056588E-01 -1.834489E-02  1.304574E-01 -4.820709E-03  2.771881E-03  3.071089E-03  2.641540E-03 -4.751130E-05
  9.803960E-03  5.289981E-01 -1.918552E-02  1.364656E-01 -5.046104E-03  3.049679E-03  3.217996E-03  2.912303E-03 -5.234531E-05
  1.030663E-02  5.532809E-01 -2.005954E-02  1.427146E-01 -5.280926E-03  3.355234E-03  3.371394E-03  3.210438E-03 -5.766250E-05
  1.083507E-02  5.785314E-01 -2.096776E-02  1.492102E-01 -5.525458E-03  3.691274E-03  3.531515E-03  3.538651E-03 -6.350981E-05
  1.139061E-02  6.047729E-01 -2.191093E-02  1.559579E-01 -5.779974E-03  4.060785E-03  3.698594E-03  3.899907E-03 -6.993852E-05
  1.197463E-02  6.320275E-01 -2.288976E-02  1.629628E-01 -6.044744E-03  4.467037E-03  3.872864E-03  4.297451E-03 -7.700466E-05
  1.258859E-02  6.603159E-01 -2.390491E-02  1.702296E-01 -6.320030E-03  4.913606E-03  4.054562E-03  4.734835E-03 -8.476936E-05
  1.323403E-02  6.896570E-01 -2.495694E-02  1.777625E-01 -6.606083E-03  5.404402E-03  4.243925E-03  5.215944E-03 -9.329929E-05
  1.391257E-02  7.200679E-01 -2.604637E-02  1.855649E-01 -6.903143E-03  5.943698E-03  4.441187E-03  5.745024E-03 -1.026671E-04
  1.462589E-02  7.515632E-01 -2.717359E-02  1.936396E-01 -7.211431E-03  6.536162E-03  4.646580E-03  6.326714E-03 -1.129520E-04
  1.537578E-02  7.841548E-01 -2.833893E-02  2.019886E-01 -7.531154E-03  7.186888E-03  4.860332E-03  6.966081E-03 -1.242400E-04
  1.616413E-02  8.178517E-01 -2.954255E-02  2.106128E-01 -7.862495E-03  7.901433E-03  5.082667E-03  7.668651E-03 -1.366249E-04
  1.699289E-02  8.526592E-01 -3.078452E-02  2.195121E-01 -8.205612E-03  8.685858E-03  5.313801E-03  8.440450E-03 -1.502084E-04
  1.786414E-02  8.885788E-01 -3.206474E-02  2.286852E-01 -8.560635E-03  9.546761E-03  5.553942E-03  9.288046E-03 -1.651010E-04
  1.878007E-02  9.256076E-01 -3.338293E-02  2.381293E-01 -8.927660E-03  1.049133E-02  5.803285E-03  1.021859E-02 -1.814225E-04
  1.974295E-02  9.637375E-01 -3.473863E-02  2.478400E-01 -9.306746E-03  1.152737E-02  6.062014E-03  1.123986E-02 -1.993026E-04
  2.075521E-02  1.002955E+00 -3.613120E-02  2.578114E-01 -9.697910E-03  1.266339E-02  6.330298E-03  1.236031E-02 -2.188819E-04
  2.181936E-02  1.043242E+00 -3.755975E-02  2.680354E-01 -1.010112E-02  1.390859E-02  6.608286E-03  1.358912E-02 -2.403121E-04
  2.293807E-02  1.084570E+00 -3.902314E-02  2.785019E-01 -1.051629E-02  1.527299E-02  6.896108E-03  1.493626E-02 -2.637574E-04
  2.411414E-02  1.126907E+00 -4.051996E-02  2.891984E-01 -1.094328E-02  1.676743E-02  7.193867E-03  1.641253E-02 -2.893944E-04
  2.535051E-02  1.170212E+00 -4.204852E-02  3.001098E-01 -1.138189E-02  1.840364E-02  7.501642E-03  1.802962E-02 -3.174137E-04
  2.665027E-02  1.214434E+00 -4.360681E-02  3.112182E-01 -1.183182E-02  2.019430E-02  7.819479E-03  1.980017E-02 -3.480199E-04
  2.801667E-02  1.259514E+00 -4.519247E-02  3.225026E-01 -1.229273E-02  2.215314E-02  8.147389E-03  2.173786E-02 -3.814331E-04
  2.945313E-02  1.305383E+00 -4.680278E-02  3.339385E-01 -1.276416E-02  2.429492E-02  8.485344E-03  2.385742E-02 -4.178889E-04
  3.096323E-02  1.351960E+00 -4.843464E-02  3.454978E-01 -1.324559E-02  2.663558E-02  8.833274E-03  2.617474E-02 -4.576396E-04
  3.255076E-02  1.399154E+00 -5.008452E-02  3.571486E-01 -1.373636E-02  2.919225E-02  9.191058E-03  2.870690E-02 -5.009548E-04
  3.421968E-02  1.446860E+00 -5.174848E-02  3.688545E-01 -1.423574E-02  3.198333E-02  9.558525E-03  3.147225E-02 -5.481217E-04
  3.597417E-02  1.494961E+00 -5.342210E-02  3.805747E-01 -1.474285E-02  3.502854E-02  9.935443E-03  3.449048E-02 -5.994462E-04
  3.781862E-02  1.543328E+00 -5.510049E-02  3.922636E-01 -1.525671E-02  3.834901E-02  1.032152E-02  3.778267E-02 -6.552525E-04
  3.975763E-02  1.591816E+00 -5.677827E-02  4.038702E-01 -1.577618E-02  4.196730E-02  1.071639E-02  4.137135E-02 -7.158845E-04
  4.179606E-02  1.640264E+00 -5.844954E-02  4.153382E-01 -1.630001E-02  4.590747E-02  1.111962E-02  4.528052E-02 -7.817050E-04
  4.393900E-02  1.688500E+00 -6.010790E-02  4.266053E-01 -1.682678E-02  5.019512E-02  1.153070E-02  4.953575E-02 -8.530961E-04
  4.619181E-02  1.736333E+00 -6.174639E-02  4.376034E-01 -1.735492E-02  5.485741E-02  1.194900E-02  5.416419E-02 -9.304593E-04
  4.856012E-02  1.783557E+00 -6.335756E-02  4.482580E-01 -1.788268E-02  5.992314E-02  1.237385E-02  5.919457E-02 -1.014214E-03
  5.104986E-02  1.829952E+00 -6.493339E-02  4.584878E-01 -1.840816E-02  6.542268E-02  1.280445E-02  6.465726E-02 -1.104799E-03
  5.366726E-02  1.875280E+00 -6.646538E-02  4.682049E-01 -1.892929E-02  7.138803E-02  1.323989E-02  7.058424E-02 -1.202668E-03
  5.641885E-02  1.919289E+00 -6.794451E-02  4.773146E-01 -1.944379E-02  7.785278E-02  1.367918E-02  7.700908E-02 -1.308292E-03
  5.931151E-02  1.961713E+00 -6.936130E-02  4.857149E-01 -1.994923E-02  8.485207E-02  1.412118E-02  8.396690E-02 -1.422154E-03
  6.235249E-02  2.002271E+00 -7.070584E-02  4.932969E-01 -2.044297E-02  9.242250E-02  1.456467E-02  9.149433E-02 -1.544748E-03
  6.554938E-02  2.040669E+00 -7.196782E-02  4.999446E-01 -2.092221E-02  1.006021E-01  1.500828E-02  9.962937E-02 -1.676579E-03
  6.891018E-02  2.076604E+00 -7.313661E-02  5.055351E-01 -2.138396E-02  1.094300E-01  1.545052E-02  1.084113E-01 -1.818154E-03
  7.244329E-02  2.109759E+00 -7.420134E-02  5.099387E-01 -2.182504E-02  1.189467E-01  1.588976E-02  1.178805E-01 -1.969982E-03
  7.615755E-02  2.139815E+00 -7.515094E-02  5.130195E-01 -2.224212E-02  1.291934E-01  1.632427E-02  1.280781E-01 -2.132570E-03
  8.006224E-02  2.166445E+00 -7.597429E-02  5.146358E-01 -2.263172E-02  1.402118E-01  1.675215E-02  1.390462E-01 -2.306412E-03
  8.416713E-02  2.189322E+00 -7.666030E-02  5.146405E-01 -2.299019E-02  1.520441E-01  1.717141E-02  1.508270E-01 -2.491990E-03
  8.848248E-02  2.208119E+00 -7.719804E-02  5.128821E-01 -2.331377E-02  1.647325E-01  1.757989E-02  1.634627E-01 -2.689761E-03
  9.301908E-02  2.222517E+00 -7.757690E-02  5.092056E-01 -2.359861E-02  1.783187E-01  1.797535E-02  1.769950E-01 -2.900153E-03
  9.778828E-02  2.232204E+00 -7.778671E-02  5.034540E-01 -2.384077E-02  1.928432E-01  1.835539E-02  1.914649E-01 -3.123555E-03
  1.028020E-01  2.236886E+00 -7.781794E-02  4.954689E-01 -2.403626E-02  2.083455E-01  1.871754E-02  2.069118E-01 -3.360306E-03
  1.080728E-01  2.236285E+00 -7.766185E-02  4.850929E-01 -2.418109E-02  2.248625E-01  1.905920E-02  2.233728E-01 -3.610686E-03
  1.136138E-01  2.230151E+00 -7.731069E-02  4.721711E-01 -2.427130E-02  2.424285E-01  1.937772E-02  2.408826E-01 -3.874904E-03
  1.194389E-01  2.218263E+00 -7.675788E-02  4.565529E-01 -2.430299E-02  2.610743E-01  1.967034E-02  2.594720E-01 -4.153088E-03
  1.255627E-01  2.200436E+00 -7.599821E-02  4.380948E-01 -2.427242E-02  2.808259E-01  1.993428E-02  2.791676E-01 -4.445268E-03
  1.320004E-01  2.176529E+00 -7.502804E-02  4.166627E-01 -2.417598E-02  3.017042E-01  2.016674E-02  2.999904E-01 -4.751365E-03
  1.387683E-01  2.146448E+00 -7.384545E-02  3.921346E-01 -2.401033E-02  3.237236E-01  2.036488E-02  3.219552E-01 -5.071179E-03
  1.458831E-01  2.110152E+00 -7.245048E-02  3.644037E-01 -2.377243E-02  3.468910E-01  2.052592E-02  3.450693E-01 -5.404371E-03
  1.533627E-01  2.067659E+00 -7.084523E-02  3.333816E-01 -2.345959E-02  3.712048E-01  2.064712E-02  3.693316E-01 -5.750451E-03
  1.612258E-01  2.019051E+00 -6.903401E-02  2.990015E-01 -2.306956E-02  3.966535E-01  2.072582E-02  3.947309E-01 -6.108763E-03
  1.694920E-01  1.964476E+00 -6.702349E-02  2.612221E-01 -2.260060E-02  4.232146E-01  2.075952E-02  4.212453E-01 -6.478473E-03
  1.781820E-01  1.904154E+00 -6.482272E-02  2.200305E-01 -2.205154E-02  4.508534E-01  2.074584E-02  4.488405E-01 -6.858555E-03
  1.873176E-01  1.838376E+00 -6.244318E-02  1.754464E-01 -2.142184E-02  4.795215E-01  2.068263E-02  4.774689E-01 -7.247780E-03
  1.969216E-01  1.767506E+00 -5.989878E-02  1.275254E-01 -2.071168E-02  5.091561E-01  2.056798E-02  5.070680E-01 -7.644704E-03
  2.070180E-01  1.691981E+00 -5.720579E-02  7.636221E-02 -1.992201E-02  5.396782E-01  2.040027E-02  5.375596E-01 -8.047665E-03
  2.176321E-01  1.612304E+00 -5.438271E-02  2.209418E-02 -1.905461E-02  5.709920E-01  2.017821E-02  5.688484E-01 -8.454775E-03
  2.287903E-01  1.529046E+00 -5.145007E-02 -3.509612E-02 -1.811213E-02  6.029837E-01  1.990088E-02  6.008212E-01 -8.863915E-03
  2.405207E-01  1.442837E+00 -4.843022E-02 -9.497842E-02 -1.709814E-02  6.355206E-01  1.956777E-02  6.333460E-01 -9.272742E-03
  2.528524E-01  1.354355E+00 -4.534701E-02 -1.572729E-01 -1.601714E-02  6.684510E-01  1.917885E-02  6.662717E-01 -9.678691E-03
  2.658165E-01  1.264320E+00 -4.222543E-02 -2.216491E-01 -1.487460E-02  7.016030E-01  1.873455E-02  6.994272E-01 -1.007899E-02
  2.794452E-01  1.173484E+00 -3.909121E-02 -2.877253E-01 -1.367693E-02  7.347854E-01  1.823583E-02  7.326215E-01 -1.047066E-02
  2.937726E-01  1.082612E+00 -3.597036E-02 -3.550697E-01 -1.243148E-02  7.677871E-01  1.768418E-02  7.656444E-01 -1.085056E-02
  3.088347E-01  9.924722E-01 -3.288867E-02 -4.232012E-01 -1.114646E-02  8.003783E-01  1.708167E-02  7.982665E-01 -1.121539E-02
  3.246690E-01  9.038212E-01 -2.987122E-02 -4.915931E-01 -9.830956E-03  8.323114E-01  1.643094E-02  8.302407E-01 -1.156173E-02
  3.413151E-01  8.173865E-01 -2.694187E-02 -5.596764E-01 -8.494755E-03  8.633226E-01  1.573518E-02  8.613034E-01 -1.188609E-02
  3.588148E-01  7.338524E-01 -2.412278E-02 -6.268454E-01 -7.148307E-03  8.931339E-01  1.499818E-02  8.911769E-01 -1.218492E-02
  3.772116E-01  6.538453E-01 -2.143390E-02 -6.924647E-01 -5.802574E-03  9.214554E-01  1.422424E-02  9.195717E-01 -1.245471E-02
  3.965517E-01  5.779196E-01 -1.889260E-02 -7.558764E-01 -4.468889E-03  9.479889E-01  1.341819E-02  9.461895E-01 -1.269198E-02
  4.168833E-01  5.065469E-01 -1.651328E-02 -8.164104E-01 -3.158790E-03  9.724311E-01  1.258535E-02  9.707270E-01 -1.289339E-02
  4.382574E-01  4.401058E-01 -1.430713E-02 -8.733940E-01 -1.883844E-03  9.944780E-01  1.173142E-02  9.928799E-01 -1.305578E-02
  4.607273E-01  3.788757E-01 -1.228197E-02 -9.261642E-01 -6.554463E-04  1.013829E+00  1.086249E-02  1.012348E+00 -1.317621E-02
  4.843493E-01  3.230329E-01 -1.044211E-02 -9.740798E-01  5.153735E-04  1.030194E+00  9.984922E-03  1.028838E+00 -1.325207E-02
  5.091825E-01  2.726499E-01 -8.788474E-03 -1.016535E+00  1.618165E-03  1.043294E+00  9.105269E-03  1.042073E+00 -1.328110E-02
  5.352888E-01  2.276991E-01 -7.318691E-03 -1.052971E+00  2.643262E-03  1.052872E+00  8.230191E-03  1.051795E+00 -1.326148E-02
  5.627337E-01  1.880585E-01 -6.027366E-03 -1.082894E+00  3.581980E-03  1.058697E+00  7.366352E-03  1.057771E+00 -1.319188E-02
  5.915856E-01  1.535209E-01 -4.906418E-03 -1.105883E+00  4.426810E-03  1.060570E+00  6.520312E-03  1.059800E+00 -1.307149E-02
  6.219169E-01  1.238057E-01 -3.945492E-03 -1.121604E+00  5.171583E-03  1.058326E+00  5.698425E-03  1.057717E+00 -1.290009E-02
  6.538033E-01  9.857242E-02 -3.132437E-03 -1.129824E+00  5.811619E-03  1.051846E+00  4.906729E-03  1.051402E+00 -1.267806E-02
  6.873245E-01  7.743600E-02 -2.453805E-03 -1.130416E+00  6.343843E-03  1.041058E+00  4.150840E-03  1.040780E+00 -1.240645E-02
  7.225644E-01  5.998188E-02 -1.895364E-03 -1.123370E+00  6.766863E-03  1.025942E+00  3.435857E-03  1.025829E+00 -1.208693E-02
  7.596111E-01  4.578148E-02 -1.442595E-03 -1.108794E+00  7.081019E-03  1.006533E+00  2.766265E-03  1.006582E+00 -1.172182E-02
  7.985572E-01  3.440646E-02 -1.081147E-03 -1.086920E+00  7.288376E-03  9.829245E-01  2.145862E-03  9.831327E-01 -1.131410E-02
  8.395001E-01  2.544151E-02 -7.972360E-04 -1.058102E+00  7.392683E-03  9.552693E-01  1.577684E-03  9.556303E-01 -1.086730E-02
  8.825422E-01  1.849498E-02 -5.779733E-04 -1.022806E+00  7.399289E-03  9.237801E-01  1.063961E-03  9.242859E-01 -1.038556E-02
  9.277911E-01  1.320721E-02 -4.116107E-04 -9.816131E-01  7.315007E-03  8.887273E-01  6.060822E-04  8.893683E-01 -9.873487E-03
  9.753600E-01  9.256226E-03 -2.877029E-04 -9.351972E-01  7.147942E-03  8.504370E-01  2.045783E-04  8.512017E-01 -9.336103E-03
  1.025368E+00  6.360961E-03 -1.971887E-04 -8.843178E-01  6.907290E-03  8.092862E-01 -1.408688E-04  8.101617E-01 -8.778779E-03
  1.077939E+00  4.282102E-03 -1.323977E-04 -8.298003E-01  6.603094E-03  7.656971E-01 -4.314019E-04  7.666692E-01 -8.207122E-03
  1.133207E+00  2.820948E-03 -8.699604E-05 -7.725172E-01  6.245993E-03  7.201301E-01 -6.689427E-04  7.211834E-01 -7.626875E-03
  1.191307E+00  1.816655E-03 -5.588241E-05 -7.133664E-01  5.846938E-03  6.730750E-01 -8.561270E-04  6.741934E-01 -7.043806E-03
  1.252387E+00  1.142354E-03 -3.505259E-05 -6.532499E-01  5.416926E-03  6.250417E-01 -9.962234E-04  6.262086E-01 -6.463597E-03
  1.316598E+00  7.005933E-04 -2.144478E-05 -5.930503E-01  4.966718E-03  5.765495E-01 -1.093038E-03  5.777481E-01 -5.891734E-03
  1.384102E+00  4.185319E-04 -1.278029E-05 -5.336097E-01  4.506585E-03  5.281165E-01 -1.150804E-03  5.293302E-01 -5.333401E-03
  1.455066E+00  2.432318E-04 -7.409862E-06 -4.757090E-01  4.046074E-03  4.802482E-01 -1.174069E-03  4.814609E-01 -4.793377E-03
  1.529669E+00  1.373232E-04 -4.173814E-06 -4.200493E-01  3.593803E-03  4.334265E-01 -1.167572E-03  4.346229E-01 -4.275952E-03
  1.608097E+00  7.520923E-05 -2.280772E-06 -3.672371E-01  3.157303E-03  3.880994E-01 -1.136122E-03  3.892652E-01 -3.784850E-03
  1.690546E+00  3.989703E-05 -1.207247E-06 -3.177724E-01  2.742894E-03  3.446710E-01 -1.084479E-03  3.457936E-01 -3.323167E-03
  1.777222E+00  2.046712E-05 -6.179884E-07 -2.720412E-01  2.355619E-03  3.034937E-01 -1.017246E-03  3.045621E-01 -2.893335E-03
  1.868342E+00  1.013649E-05 -3.054240E-07 -2.303117E-01  1.999216E-03  2.648613E-01 -9.387633E-04  2.658661E-01 -2.497095E-03
  1.964134E+00  4.837964E-06 -1.454770E-07 -1.927362E-01  1.676151E-03  2.290040E-01 -8.530288E-04  2.299379E-01 -2.135498E-03
  2.064837E+00  2.221110E-06 -6.665646E-08 -1.593555E-01  1.387676E-03  1.960856E-01 -7.636229E-04  1.969433E-01 -1.808920E-03
  2.170704E+00  9.789371E-07 -2.932191E-08 -1.301085E-01  1.133945E-03  1.662032E-01 -6.736594E-04  1.669815E-01 -1.517098E-03
  2.281998E+00  4.133477E-07 -1.235785E-08 -1.048439E-01  9.141459E-04  1.393882E-01 -5.857534E-04  1.400858E-01 -1.259185E-03
  2.398999E+00  1.668404E-07 -4.979015E-09 -8.333566E-02  7.266627E-04  1.156105E-01 -5.020086E-04  1.162280E-01 -1.033817E-03
  2.521998E+00  6.422543E-08 -1.913325E-09 -6.529877E-02  5.692474E-04  9.478353E-02 -4.240235E-04  9.532297E-02 -8.391891E-04
  2.651304E+00  2.352181E-08 -6.995468E-10 -5.040648E-02  4.391973E-04  7.677150E-02 -3.529156E-04  7.723653E-02 -6.731469E-04
  2.787239E+00  8.174600E-09 -2.427177E-10 -3.830715E-02  3.335265E-04  6.139786E-02 -2.893593E-04  6.179325E-02 -5.332758E-04
  2.930144E+00  2.688433E-09 -7.969798E-11 -2.864003E-02  2.491243E-04  4.845441E-02 -2.336365E-04  4.878583E-02 -4.169944E-04
  3.080375E+00  0.000000E+00  0.000000E+00 -2.104928E-02  1.828945E-04  3.771089E-02 -1.856959E-04  3.798460E-02 -3.216432E-04
  3.238310E+00  0.000000E+00  0.000000E+00 -1.519578E-02  1.318704E-04  2.892444E-02 -1.452163E-04  2.914704E-02 -2.445673E-04
  3.404341E+00  0.000000E+00  0.000000E+00 -1.076621E-02  9.330385E-05  2.184858E-02 -1.116728E-04  2.202673E-02 -1.831892E-04
  3.578886E+00  0.000000E+00  0.000000E+00 -7.479428E-03  6.472592E-05  1.624128E-02 -8.439940E-05  1.638150E-02 -1.350702E-04
  3.762379E+00  0.000000E+00  0.000000E+00 -5.090140E-03  4.398272E-05  1.187182E-02 -6.264804E-05  1.198028E-02 -9.795793E-05
  3.955280E+00  0.000000E+00  0.000000E+00 -3.390116E-03  2.924733E-05  8.526220E-03 -4.563971E-05  8.608601E-03 -6.982067E-05
  4.158072E+00  0.000000E+00  0.000000E+00 -2.207326E-03  1.901258E-05  6.011202E-03 -3.260706E-05  6.072597E-03 -4.886710E-05
  4.371261E+00  0.000000E+00  0.000000E+00 -1.403476E-03  1.206901E-05  4.156561E-03 -2.282730E-05  4.201416E-03 -3.355369E-05
  4.595380E+00  0.000000E+00  0.000000E+00 -8.704070E-04  7.472676E-06  2.816153E-03 -1.564541E-05  2.848250E-03 -2.258067E-05
  4.830990E+00  0.000000E+00  0.000000E+00 -5.258775E-04  4.507381E-06  1.867611E-03 -1.048813E-05  1.890084E-03 -1.487868E-05
  5.078681E+00  0.000000E+00  0.000000E+00 -3.091208E-04  2.645189E-06  1.211043E-03 -6.869887E-06  1.226423E-03 -9.588652E-06
  5.339070E+00  0.000000E+00  0.000000E+00 -1.765468E-04  1.508285E-06  7.669828E-04 -4.392144E-06  7.772595E-04 -6.037067E-06
  5.612810E+00  0.000000E+00  0.000000E+00 -9.782593E-05  8.344142E-07  4.738587E-04 -2.737694E-06  4.805556E-04 -3.708965E-06
  5.900585E+00  0.000000E+00  0.000000E+00 -5.251124E-05  4.471936E-07  2.852370E-04 -1.661694E-06  2.894878E-04 -2.220719E-06
  6.203114E+00  0.000000E+00  0.000000E+00 -2.726219E-05  2.318105E-07  1.670646E-04 -9.808911E-07  1.696894E-04 -1.294121E-06
  6.521155E+00  0.000000E+00  0.000000E+00 -1.366622E-05  1.160286E-07  9.507852E-05 -5.623516E-07  9.665292E-05 -7.329815E-07
  6.855502E+00  0.000000E+00  0.000000E+00 -6.603065E-06  5.597871E-08  5.250073E-05 -3.126748E-07  5.341684E-05 -4.029140E-07
  7.206991E+00  0.000000E+00  0.000000E+00 -3.069309E-06  2.598341E-08  2.808444E-05 -1.683533E-07  2.860074E-05 -2.146168E-07
  7.576501E+00  0.000000E+00  0.000000E+00 -1.369868E-06  1.158059E-08  1.453051E-05 -8.764018E-08  1.481189E-05 -1.105968E-07
  7.964957E+00  0.000000E+00  0.000000E+00 -5.858114E-07  4.945672E-09  7.258894E-06 -4.403612E-08  7.406943E-06 -5.504367E-08
  8.373329E+00  0.000000E+00  0.000000E+00 -2.395116E-07  2.019429E-09  3.495069E-06 -2.131915E-08  3.570133E-06 -2.641054E-08
  8.802639E+00  0.000000E+00  0.000000E+00 -9.340706E-08  7.865677E-10  1.618885E-06 -9.926012E-09  1.655493E-06 -1.219355E-08
  9.253959E+00  0.000000E+00  0.000000E+00 -3.466207E-08  2.915310E-10  7.199247E-07 -4.435754E-09  7.370628E-07 -5.406290E-09
  9.728420E+00  0.000000E+00  0.000000E+00 -1.220746E-08  1.025532E-10  3.067308E-07 -1.898649E-09  3.144166E-07 -2.297061E-09
  1.022721E+01  0.000000E+00  0.000000E+00 -4.069091E-09  3.414553E-11  1.249298E-07 -7.766981E-10  1.282243E-07 -9.332253E-10
  1.075157E+01  0.000000E+00  0.000000E+00  0.000000E+00  0.000000E+00  4.852860E-08 -3.029576E-10  4.987532E-08 -3.616804E-10
  1.130281E+01  0.000000E+00  0.000000E+00  0.000000E+00  0.000000E+00  1.793411E-08 -1.124001E-10  1.845778E-08 -1.333869E-10
  1.188232E+01  0.000000E+00  0.000000E+00  0.000000E+00  0.000000E+00  6.288919E-09 -3.956183E-11  6.482115E-09 -4.668894E-11
  1.249154E+01  0.000000E+00  0.000000E+00  0.000000E+00  0.000000E+00  2.086799E-09 -1.317377E-11  2.154237E-09 -1.546750E-11
