1.025422e-8	-0.002501936527693248
2.103418e-8	-0.005050710596977011
3.236685e-8	-0.007787787150182808
4.428055e-8	-0.010655016536345404
5.680508e-8	-0.013667903014724384
6.997176e-8	-0.016835908068815787
8.381351e-8	-0.020166347537922708
9.836494e-8	-0.023667565253870645
1.136624e-7	-0.027348270503001666
1.297443e-7	-0.031217717705483372
1.466506e-7	-0.035285516191548676
1.644238e-7	-0.03956189085079013
1.831082e-7	-0.04405749837346983
2.027505e-7	-0.048783572582031726
2.234e-7	-0.05375197233001268
2.451082e-7	-0.05897508516577511
2.679294e-7	-0.0644659715807602
2.919206e-7	-0.07023834080922066
3.171419e-7	-0.07630664690709542
3.436564e-7	-0.08268606450018046
3.715302e-7	-0.08939248856107143
4.008332e-7	-0.09644272662693244
4.316386e-7	-0.10385437819178321
4.640234e-7	-0.11164595464655996
4.980686e-7	-0.11983692697678325
5.338593e-7	-0.12844774932948064
5.714851e-7	-0.13749995467316725
6.1104e-7	-0.1470161300664068
6.526229e-7	-0.1570200361649926
6.963378e-7	-0.16753665441889082
7.42294e-7	-0.17859223411527755
7.906065e-7	-0.1902143873548079
8.41396e-7	-0.20243208759181935
8.947895e-7	-0.21527581226818887
9.509205e-7	-0.22877758893448952
1.009929e-6	-0.24297099293858396
1.071964e-6	-0.2578917460387591
1.137179e-6	-0.2735766308894723
1.205738e-6	-0.29006493050846555
1.277811e-6	-0.3073973416997799
1.35358e-6	-0.32561741302073705
1.433234e-6	-0.344770336511481
1.516972e-6	-0.36490366240466526
1.605003e-6	-0.3860672912430687
1.697547e-6	-0.40831370513288945
1.794836e-6	-0.4316981974092806
1.897114e-6	-0.4562788601262983
2.004635e-6	-0.4821160890115825
2.117669e-6	-0.509274008567244
2.236499e-6	-0.5378197313666269
2.361421e-6	-0.5678233354307269
2.492748e-6	-0.5993587985293077
2.630808e-6	-0.6325034868358188
2.775946e-6	-0.6673385993413062
2.928526e-6	-0.703949605959592
3.088929e-6	-0.7424257188891992
3.257556e-6	-0.7828605560762937
3.434829e-6	-0.8253523151305296
3.621191e-6	-0.8700036968616556
3.817107e-6	-0.9169220563908868
4.023069e-6	-0.966220497066562
4.23959e-6	-1.0180163136791776
4.467213e-6	-1.0724330070851458
4.706506e-6	-1.12959892547433
4.958068e-6	-1.1896485103788061
5.222528e-6	-1.2527218379962084
5.500547e-6	-1.3189648422420863
5.79282e-6	-1.3885294958355718
6.100078e-6	-1.4615739427196823
6.42309e-6	-1.5382625739911058
6.762663e-6	-1.6187655646424912
7.119647e-6	-1.703259521756787
7.494933e-6	-1.79192638593174
7.889461e-6	-1.8849545981310476
8.304216e-6	-1.9825373120828718
8.740237e-6	-2.084873538165347
9.198613e-6	-2.192166067943151
9.68049e-6	-2.3046218048696527
1.018707e-5	-2.422450009141395
1.071963e-5	-2.5458649434663774
1.127949e-5	-2.6750764008315597
1.186806e-5	-2.8102982247235064
1.24868e-5	-2.9517363363588602
1.313727e-5	-3.0995970394135277
1.382108e-5	-3.254071942625654
1.453996e-5	-3.415349609078941
1.529569e-5	-3.5835948689887482
1.609017e-5	-3.7589589367773635
1.692539e-5	-3.9415661760944407
1.780343e-5	-4.131506766693186
1.872648e-5	-4.328832644164425
1.969686e-5	-4.533552016993924
2.0717e-5	-4.745613992412139
2.178943e-5	-4.964894252749582
2.291686e-5	-5.191197438735254
2.410208e-5	-5.424221162470391
2.534808e-5	-5.66356279031633
2.665796e-5	-5.908682768289894
2.803499e-5	-6.158896443332366
2.948263e-5	-6.4133563507339515
3.100449e-5	-6.6710241199474964
3.260438e-5	-6.930659604440898
3.42863e-5	-7.190802664559913
3.605445e-5	-7.449764346376944
3.791325e-5	-7.705628705554594
3.986736e-5	-7.956269377956762
4.192166e-5	-8.199379504945512
4.408128e-5	-8.432535628421473
4.635163e-5	-8.653289515898837
4.873839e-5	-8.859288229470568
5.124751e-5	-9.04842248262089
5.388528e-5	-9.218991339331446
5.665829e-5	-9.369852459770861
5.957348e-5	-9.500536564499189
6.263813e-5	-9.611295251392063
6.585991e-5	-9.703071289655528
6.924688e-5	-9.777387857969122
7.280749e-5	-9.836182461109626
7.655067e-5	-9.881625316098608
8.048576e-5	-9.915932161476539
8.462261e-5	-9.941224196452733
8.897155e-5	-9.959423438058142
9.354348e-5	-9.97219351485281
9.834981e-5	-9.980918377914794
0.0001034026	-9.986707819639177
0.0001087144	-9.990425008954059
0.0001142985	-9.992717114622787
0.000120169	-9.994055850740875
0.0001263405	-9.994774010149518
0.0001328283	-9.995098597728939
0.0001396488	-9.995179562941578
0.000146819	-9.995112364516459
0.0001543569	-9.994955784872495
0.0001622812	-9.994744366571066
0.0001706118	-9.994497591674339
0.0001793695	-9.994225846037871
0.0001885762	-9.993934228867527
0.0001982549	-9.993624925231815
0.0002084299	-9.993298557393556
0.0002191266	-9.992954953251337
0.0002303717	-9.992593533378137
0.0002421934	-9.992213506517428
0.0002546212	-9.991813969315507
0.0002676862	-9.991393938438627
0.000281421	-9.990952371606099
0.00029586	-9.990488164824463
0.0003110393	-9.990000158127737
0.0003269969	-9.989487130144749
0.0003437726	-9.988947801546333
0.0003614085	-9.988380819022302
0.0003799485	-9.987784771337886
0.0003994392	-9.987158160677117
0.0004199291	-9.98649942808939
0.0004414696	-9.985806921307642
0.0004641145	-9.985078911144553
0.0004879204	-9.984313578473213
0.0005129469	-9.983509007702411
0.0005392565	-9.982663189872973
0.000566915	-9.9817740105708
0.0005959916	-9.980839245932243
0.000626559	-9.979856559335342
0.0006586936	-9.978823495885848
0.0006924758	-9.977737472315516
0.0007279901	-9.976595773498477
0.0007653252	-9.975395548905006
0.0008045745	-9.974133798712412
0.0008458361	-9.972807371596117
0.0008892133	-9.971412948382902
0.0009348145	-9.969947047886524
0.0009827538	-9.968406006286989
0.001033151	-9.966785976382104
0.001086132	-9.965082913820726
0.001141829	-9.963292576809446
0.001200382	-9.961410471670082
0.001261938	-9.9594318777433
0.001326649	-9.95735191921441
0.001394678	-9.955165368297092
0.001466195	-9.952866771766391
0.001541378	-9.950450416390305
0.001620417	-9.947910217452584
0.001703508	-9.945239894151872
0.001790859	-9.942432774289786
0.001882688	-9.93948188038442
0.001979226	-9.936379821267808
0.002080713	-9.933118915218552
0.002187404	-9.929690990974107
0.002299565	-9.926087563192981
0.002417476	-9.922299687686442
0.002541433	-9.918317889453695
0.002671745	-9.914132322675249
0.002808739	-9.9097325729863
0.002952756	-9.905107772207995
0.003104158	-9.900246358906756
0.003263321	-9.8951364296667
0.003430646	-9.889765253593588
0.003606549	-9.884119568690773
0.003791471	-9.878185447459623
0.003985874	-9.871948308198949
0.004190244	-9.865392785894196
0.004405093	-9.858502638804193
0.004630957	-9.851261143250742
0.004868402	-9.84365054709047
0.00511802	-9.835652117487037
0.005380437	-9.827246434936221
0.005656308	-9.81841317817025
0.005946324	-9.809130829267355
0.006251209	-9.799376737110581
0.006571725	-9.789127778838278
0.006908675	-9.778359348238375
0.007262901	-9.767045155205668
0.007635288	-9.755158722020134
0.008026767	-9.742672077236774
0.008438319	-9.729555502774158
0.008870971	-9.715777772355702
0.009325806	-9.701307695200187
0.00980396	-9.686111972105012
0.01030663	-9.670154088672502
0.01083507	-9.65339917333768
0.01139061	-9.635809541829968
0.01197463	-9.61734537754522
0.01258859	-9.597964886690425
0.01323403	-9.577627781448985
0.01391257	-9.556290286075845
0.01462589	-9.533903243998536
0.01537578	-9.510423701485427
0.01616413	-9.485803565870679
0.01699289	-9.4599908054425
0.01786414	-9.432933276233584
0.01878007	-9.40458281341907
0.01974295	-9.37488658346011
0.02075521	-9.343778858417418
0.02181936	-9.311215813543864
0.02293807	-9.27714192547009
0.02411414	-9.241489745545298
0.02535051	-9.204206060314451
0.02665027	-9.165241389564786
0.02801667	-9.124535619890326
0.02945313	-9.082013020774058
0.03096323	-9.037642833231304
0.03255076	-8.991372026842502
0.03421968	-8.94311403774715
0.03597417	-8.892844887644245
0.03781862	-8.840524948390211
0.03975763	-8.786088775013008
0.04179606	-8.72948148033143
0.043939	-8.670704202979312
0.04619181	-8.609721378786286
0.04856012	-8.546433029408023
0.05104986	-8.480896075086767
0.05366726	-8.413099526812088
0.05641885	-8.34294712182827
0.05931151	-8.270496280728047
0.06235249	-8.19578101926202
0.06554938	-8.118756308264917
0.06891018	-8.039411882325279
0.07244329	-7.95786800194597
0.07615755	-7.874133356927281
0.08006224	-7.788101327551642
0.08416713	-7.6999929787009975
0.08848248	-7.609854019192601
0.09301908	-7.517514397014451
0.09778828	-7.423232992837253
0.102802	-7.327078487867415
0.1080728	-7.2288846375377265
0.1136138	-7.1288433104637265
0.1194389	-7.027051560631552
0.1255627	-6.92335294264498
0.1320004	-6.817826477419299
0.1387683	-6.710584137240329
0.1458831	-6.601451751133335
0.1533627	-6.490395613079352
0.1612258	-6.377516789142889
0.169492	-6.262589114180058
0.178182	-6.145502038728073
0.1873176	-6.0263120344353585
0.1969216	-5.904733791801674
0.207018	-5.780638024764173
0.2176321	-5.654031894194801
0.2287903	-5.524588453940926
0.2405207	-5.39224162484296
0.2528524	-5.256989384286626
0.2658165	-5.118488452159362
0.2794452	-4.9768637752964455
0.2937726	-4.832148147671412
0.3088347	-4.6840784279849625
0.324669	-4.533066553729301
0.3413151	-4.379165039438211
0.3588148	-4.222500834335072
0.3772116	-4.063675319800149
0.3965517	-3.9027398949338723
0.4168833	-3.740466663989147
0.4382574	-3.577402155316124
0.4607273	-3.413958246337361
0.4843493	-3.251298440460333
0.5091825	-3.089610183977002
0.5352888	-2.930253063721998
0.5627337	-2.7737395372622204
0.5915856	-2.6210484300149854
0.6219169	-2.473043513663937
0.6538033	-2.330336573653579
0.6873245	-2.193991318911702
0.7225644	-2.0642502051412577
0.7596111	-1.9421887317234758
0.7985572	-1.8277750814070908
0.8395001	-1.7218533893215102
0.8825422	-1.624258960084756
0.9277911	-1.5354055935895985
0.97536	-1.4551084986215077
1.025368	-1.3832724325803891
1.077939	-1.3197437362873337
1.133207	-1.263924122211995
1.191307	-1.2156517347534683
1.252387	-1.1742079290878633
1.316598	-1.139102198890408
1.384102	-1.1097754269078886
1.455066	-1.0854957024299854
1.529669	-1.0657076255374176
1.608097	-1.0498165007958724
1.690546	-1.03723088130447
1.777222	-1.0273842101069282
1.868342	-1.019826994915744
1.964134	-1.0141196647971966
2.064837	-1.00988178945884
2.170704	-1.006790628177132
2.281998	-1.0045778391779834
2.398999	-1.003024259466803
2.521998	-1.0019559929379382
2.651304	-1.001237267957957
2.787239	-1.000764532023414
2.930144	-1.0004609769896757
3.080375	-1.0002709219353987
3.23831	-1.0001550015928378
3.404341	-1.0000862270560087
3.578886	-1.0000465667606908
3.762379	-1.0000243440275025
3.95528	-1.0000123238819192
4.158072	-1.0000060239024053
4.371261	-1.0000028385326076
4.59538	-1.0000012869519797
4.83099	-1.0000005606365265
5.078681	-1.000000233702049
5.33907	-1.0000000931909414
5.61281	-1.0000000354484735
5.900585	-1.0000000128273563
6.203114	-1.0000000044038906
6.521155	-1.000000001430952
6.855502	-1.0000000004392926
7.206991	-1.0000000001275566
7.576501	-1.0000000000353526
7.964957	-1.0000000000097877
8.373329	-1.000000000003127
8.802639	-1.0000000000014828
9.253959	-1.0000000000010136
9.72842	-1.0000000000008697
10.22721	-1.000000000000772
10.75157	-1.0000000000006748
11.30281	-1.0000000000005451
11.88232	-1.0000000000004874
12.49154	-1.0000000000003613
