1.898929e-9	-0.0002583040441515754
3.895219e-9	-0.002216047155690796
5.993861e-9	-0.004117492323162345
8.200102e-9	-0.005970894575949647
1.051946e-8	-0.007790575448993302
1.295773e-8	-0.009598544539758508
1.552102e-8	-0.011426482076154605
1.821573e-8	-0.013318081313294138
2.10486e-8	-0.015328573763587351
2.402671e-8	-0.01748343586828563
2.715752e-8	-0.019778816006374475
3.044884e-8	-0.022206144915550282
3.390892e-8	-0.024752169278871663
3.75464e-8	-0.027412291187115904
4.137037e-8	-0.03019780410658731
4.53904e-8	-0.03312348152526488
4.961655e-8	-0.03620477196825803
5.405937e-8	-0.039448467522032925
5.872999e-8	-0.04285810848845696
6.364007e-8	-0.04644085485359997
6.880189e-8	-0.05020770917555064
7.422837e-8	-0.0541676306927897
7.993307e-8	-0.05833055925426767
8.593026e-8	-0.06270696662875783
9.223492e-8	-0.06730775949686804
9.886284e-8	-0.07214443725058933
1.058306e-7	-0.07722910153289253
1.131556e-7	-0.08257445852344866
1.208561e-7	-0.08819383690408049
1.289514e-7	-0.0941013175159732
1.374619e-7	-0.1003117844047714
1.464086e-7	-0.10684056300339004
1.558141e-7	-0.11370414568145346
1.657018e-7	-0.12091960769852218
1.760964e-7	-0.12850497328251378
1.87024e-7	-0.1364792881600772
1.985118e-7	-0.14486240069770387
2.105887e-7	-0.15367539970684935
2.232847e-7	-0.16294017658656068
2.366317e-7	-0.17268000909539205
2.50663e-7	-0.182919196457281
2.654137e-7	-0.19368335122864605
2.809207e-7	-0.2049993992607651
2.972227e-7	-0.21689557966415648
3.143606e-7	-0.22940173665539002
3.323771e-7	-0.2425490276094341
3.513174e-7	-0.2563704338128239
3.712288e-7	-0.2709004684962339
3.92161e-7	-0.28617539567103417
4.141664e-7	-0.3022334489508931
4.373001e-7	-0.3191148314366787
4.616199e-7	-0.33686171558330175
4.871866e-7	-0.3555184619641127
5.140641e-7	-0.37513169206320235
5.423197e-7	-0.39575050698325653
5.72024e-7	-0.41742641422847704
6.032512e-7	-0.440213546338404
6.360795e-7	-0.46416895244527095
6.705909e-7	-0.48935245194502525
7.068717e-7	-0.5158269989094326
7.450128e-7	-0.5436589004779387
7.851093e-7	-0.5729175243694284
8.272617e-7	-0.6036761738280896
8.715752e-7	-0.6360115760103167
9.181607e-7	-0.6700046107349489
9.671348e-7	-0.7057403093720029
1.01862e-6	-0.7433079994936755
1.072744e-6	-0.7828007926161549
1.129644e-6	-0.8243187200494444
1.189461e-6	-0.8679645717449115
1.252345e-6	-0.9138476882271362
1.318453e-6	-0.9620824985258576
1.387951e-6	-1.0127899762814327
1.461011e-6	-1.0660954471855222
1.537818e-6	-1.1221336920083465
1.618562e-6	-1.1810431047200163
1.703447e-6	-1.2429722530689367
1.792683e-6	-1.308074035190854
1.886495e-6	-1.3765122378588244
1.985117e-6	-1.448457150009323
2.088795e-6	-1.5240877408570443
2.197788e-6	-1.603592377075524
2.31237e-6	-1.6871702672934523
2.432827e-6	-1.7750292571307282
2.55946e-6	-1.8673879982472439
2.692585e-6	-1.9644759259061721
2.832536e-6	-2.0665354207561166
2.979662e-6	-2.173819590630125
3.134331e-6	-2.286595152419072
3.296931e-6	-2.405143119984578
3.467867e-6	-2.5297565693724686
3.647567e-6	-2.6607449580586597
3.836481e-6	-2.798433331223961
4.03508e-6	-2.9431615185023787
4.243862e-6	-3.0952884200174258
4.463349e-6	-3.255189718892809
4.694089e-6	-3.423259221878428
4.936659e-6	-3.5999109086746577
5.191665e-6	-3.7855787735666047
5.459747e-6	-3.980720281747672
5.741573e-6	-4.185811787723091
6.037848e-6	-4.401354839124706
6.349314e-6	-4.627875886331235
6.67675e-6	-4.865925946997794
7.020973e-6	-5.1160809454444545
7.382845e-6	-5.378946348219108
7.76327e-6	-5.655154457169727
8.163201e-6	-5.9453688822970525
8.583636e-6	-6.250280928311819
9.025627e-6	-6.570615301260296
9.49028e-6	-6.907129146286628
9.978756e-6	-7.260611659858224
1.049228e-5	-7.63188930858419
1.103213e-5	-8.021816373082135
1.159965e-5	-8.431282617228414
1.219628e-5	-8.861232873708916
1.28235e-5	-9.31262429021808
1.348287e-5	-9.786452480642529
1.417605e-5	-10.283762677929433
1.490477e-5	-10.805624459764088
1.567085e-5	-11.3531418367905
1.647621e-5	-11.927455392163242
1.732287e-5	-12.529736440586902
1.821293e-5	-13.161166113872616
1.914862e-5	-13.822963108600444
2.013229e-5	-14.516367350653493
2.11664e-5	-15.242622357739018
2.225352e-5	-16.00296311975569
2.339638e-5	-16.798636870649805
2.459784e-5	-17.6308653879916
2.58609e-5	-18.500832819475804
2.718871e-5	-19.40967035090273
2.85846e-5	-20.358450750866613
3.005207e-5	-21.3481511312488
3.159477e-5	-22.379604677265554
3.321657e-5	-23.45350714388721
3.492152e-5	-24.570342694603877
3.671388e-5	-25.730349238039704
3.859814e-5	-26.93346772945841
4.057901e-5	-28.17926197768094
4.266143e-5	-29.46684021043935
4.485063e-5	-30.79479342978581
4.715207e-5	-32.16104429186776
4.957151e-5	-33.56275864815894
5.211499e-5	-34.99618261319084
5.478889e-5	-36.456504317932605
5.759987e-5	-37.93762535548625
6.055498e-5	-39.432002288621185
6.36616e-5	-40.93037437956557
6.69275e-5	-42.421541876360365
7.036084e-5	-43.89211669084361
7.397022e-5	-45.32632964770711
7.776465e-5	-46.70590950593285
8.175363e-5	-48.010221540498094
8.594713e-5	-49.216789416036974
9.035563e-5	-50.302538828922884
9.499016e-5	-51.24611196903758
9.986231e-5	-52.031455146473995
0.0001049843	-52.65207215303672
0.0001103688	-53.11443091844546
0.0001160294	-53.43798781774704
0.0001219803	-53.65074722809803
0.0001282363	-53.782629353701594
0.000134813	-53.85991843501821
0.0001417269	-53.90264885598592
0.0001489953	-53.92469262284837
0.0001566363	-53.934895913159224
0.0001646691	-53.93858370498864
0.0001731138	-53.938803632841086
0.0001819914	-53.93721348140606
0.0001913242	-53.93467450223824
0.0002011355	-53.93161000003738
0.0002114499	-53.928217262984106
0.000222293	-53.92458002012531
0.0002336922	-53.920728625604696
0.0002456757	-53.916669674879
0.0002582737	-53.91239911212129
0.0002715175	-53.90790857998446
0.0002854404	-53.90318757721627
0.0003000772	-53.898224577023015
0.0003154644	-53.893007290111
0.0003316405	-53.88752273964277
0.0003486459	-53.881757281291605
0.0003665233	-53.87569648025238
0.0003853172	-53.86932530423568
0.0004050748	-53.86262784341569
0.0004258453	-53.85558750245606
0.0004476808	-53.84818666383745
0.0004706358	-53.84040700817657
0.0004947677	-53.832229210339676
0.0005201368	-53.8236329443284
0.0005468067	-53.81459680126839
0.000574844	-53.80509845735391
0.0006043188	-53.795114382290485
0.0006353048	-53.784619722176274
0.0006678794	-53.77358866484773
0.0007021243	-53.761993880691094
0.0007381248	-53.749806772537355
0.0007759712	-53.73699714328874
0.000815758	-53.72353364044035
0.0008575847	-53.70938316288674
0.0009015559	-53.69451060974019
0.0009477816	-53.67887982662953
0.0009963773	-53.662452634331856
0.001047465	-53.64518852488527
0.001101171	-53.62704578408271
0.001157631	-53.60798020413642
0.001216986	-53.58794563540828
0.001279384	-53.56689285118183
0.001344982	-53.544771590674685
0.001413942	-53.521529460407855
0.001486438	-53.49710966455483
0.001562652	-53.471453378792745
0.001642772	-53.444501456081525
0.001727001	-53.41618929659124
0.001815548	-53.3864484575574
0.001908635	-53.355211228658625
0.002006495	-53.32240500031612
0.002109372	-53.287952501802025
0.002217524	-53.25177357991686
0.002331221	-53.21378812222265
0.002450747	-53.17391027072123
0.002576401	-53.13204460480807
0.002708498	-53.0881030411593
0.002847367	-53.04198958657091
0.002993357	-52.99359895976302
0.003146832	-52.94282582304055
0.003308175	-52.88956767059027
0.003477791	-52.83371197739678
0.003656103	-52.77512935453716
0.003843557	-52.71371318152284
0.004040622	-52.64934069747922
0.004247791	-52.5818741781538
0.004465582	-52.511181028215574
0.004694539	-52.43713892432361
0.004935235	-52.359609210685065
0.005188272	-52.27841917645593
0.005454282	-52.19345520831482
0.005733931	-52.10457088215962
0.006027918	-52.01159054971593
0.006336978	-51.91436221679203
0.006661884	-51.81275492180061
0.007003448	-51.706608591551884
0.007362524	-51.595699398161344
0.007740011	-51.479932987885775
0.008136851	-51.35914945967541
0.008554039	-51.23312561567954
0.008992615	-51.10171324396338
0.009453679	-50.96478924764683
0.009938381	-50.82217687563781
0.01044793	-50.67359370537273
0.01098361	-50.51899907336663
0.01154676	-50.35822507025535
0.01213877	-50.19097908366018
0.01276114	-50.01714539049824
0.01341542	-49.836611771034875
0.01410325	-49.64916031648081
0.01482634	-49.45444209035448
0.01558651	-49.25247716737296
0.01638564	-49.043071587860716
0.01722576	-48.8257688809649
0.01810894	-48.60053329323289
0.01903741	-48.36719037365696
0.02001348	-48.12540120180852
0.02103959	-47.87474693546032
0.02211832	-47.615219022591894
0.02325235	-47.3465162036935
0.02444453	-47.067944858228394
0.02569783	-46.77951871667819
0.02701538	-46.48091300412183
0.02840049	-46.1715456554781
0.02985662	-45.851008542810874
0.0313874	-45.51916009034737
0.03299667	-45.17555451789682
0.03468845	-44.81936109142174
0.03646697	-44.450685963453395
0.03833667	-44.069165303970564
0.04030224	-43.67401719118774
0.04236858	-43.26522962012521
0.04454086	-42.84272864997132
0.04682452	-42.40612067185108
0.04922527	-41.954998345549306
0.05174911	-41.489908350255405
0.05440234	-41.010900755366315
0.05719161	-40.517222253357374
0.06012389	-40.01006532137589
0.06320651	-39.48983443140172
0.06644718	-38.95599454715143
0.069854	-38.40962188393176
0.07343549	-37.85160589378218
0.07720061	-37.28183404557254
0.08115877	-36.70053553073131
0.08531987	-36.109170099622425
0.08969432	-35.50778776998138
0.09429305	-34.89540882640285
0.09912756	-34.27387120452994
0.1042099	-33.643053463250496
0.1095529	-33.001002299139564
0.1151698	-32.349431374002165
0.1210747	-31.688024691945603
0.1272823	-31.01460478957693
0.1338082	-30.3305206836494
0.1406687	-29.635794524203682
0.147881	-28.92870681281496
0.155463	-28.210891579806873
0.1634337	-27.48346505865762
0.1718132	-26.74565967495467
0.1806222	-26.0003201415054
0.1898829	-25.250126131903226
0.1996184	-24.49515643349126
0.2098531	-23.73990826329368
0.2206125	-22.988115605119013
0.2319235	-22.23957742221571
0.2438145	-21.50000035110587
0.2563151	-20.772161575899826
0.2694567	-20.054549644038364
0.283272	-19.352277046787982
0.2977957	-18.664675676048702
0.313064	-17.989852022517955
0.3291152	-17.329434204561867
0.3459893	-16.67930709457246
0.3637285	-16.038230429185607
0.3823773	-15.40433683485825
0.4019822	-14.772774972707662
0.4225923	-14.143779162580687
0.444259	-13.514367579758199
0.4670367	-12.88414590796697
0.4909822	-12.253936973466265
0.5161553	-11.623508394227718
0.5426192	-10.997249721632013
0.5704399	-10.376172330100953
0.599687	-9.7660105798031
0.6304336	-9.169587505118676
0.6627566	-8.591843426109108
0.6967369	-8.036157320692952
0.7324593	-7.505848125250863
0.7700133	-7.003312786929076
0.8094927	-6.529858758367211
0.8509963	-6.08594139277242
0.8946278	-5.671186001015887
0.9404964	-5.2839326455731355
0.9887167	-4.923001114996271
1.039409	-4.58508032108547
1.092701	-4.269029562982036
1.148725	-3.9714843720782165
1.207621	-3.6911652193867477
1.269537	-3.426408446078234
1.334628	-3.175571240331449
1.403056	-2.938562512181183
1.474992	-2.7150511577780367
1.550616	-2.504811160671368
1.630118	-2.3086088225616304
1.713696	-2.1269189727637365
1.801559	-1.9602196262997311
1.893927	-1.8087498069826784
1.991031	-1.672945408138088
2.093113	-1.5527611789161953
2.200429	-1.4478839678898054
2.313248	-1.3577153675711373
2.431851	-1.2814021973417673
2.556534	-1.217873575970582
2.687611	-1.1658932063748637
2.825407	-1.1241238610942275
2.970269	-1.091186114376096
3.122558	-1.0657189723767744
3.282655	-1.0464270606824055
3.45096	-1.0321113769671675
3.627895	-1.0217218682754274
3.813901	-1.0143625102868241
4.009444	-1.0092694447459074
4.215013	-1.0058318699474627
4.431121	-1.0035740796073034
4.658309	-1.0021298214696917
4.897146	-1.0012327747105123
5.148228	-1.0006923015506946
5.412183	-1.0003764436708042
5.689672	-1.000197893747207
5.981388	-1.0001004403366989
6.28806	-1.0000491294361444
6.610456	-1.0000231185738107
6.949381	-1.000010441931563
7.305683	-1.0000045171227474
7.680254	-1.0000018690028902
8.074029	-1.0000007372100164
8.487993	-1.0000002768499074
8.923182	-1.0000000986065558
9.380683	-1.0000000332466015
9.861641	-1.000000010581987
10.36726	-1.0000000031706486
10.8988	-1.0000000008913112
11.45759	-1.0000000002348939
12.04504	-1.0000000000582074
12.6626	-1.0000000000139389
13.31182	-1.0000000000034848
13.99433	-1.000000000001149
14.71184	-1.0000000000006148
15.46613	-1.0000000000003992
16.2591	-1.0000000000003741
17.09272	-1.0000000000002227
17.96908	-0.9999999999999554
18.89038	-1.0000000000000704
19.85891	-1.0000000000001164
20.87709	-1.0000000000001266
21.94749	-0.9999999999999655
